0 6 0 
0 28 0 
0 29 0 
0 30 0 
0 31 0 
0 32 0 
0 41 0 
0 42 0 
0 44 0 
0 46 0 
0 47 0 
0 48 0 
0 49 0 
0 50 0 
0 51 0 
0 54 0 
0 55 0 
0 56 0 
0 57 0 
0 75 0 
0 76 0 
0 77 0 
0 78 0 
0 79 0 
0 80 0 
0 81 0 
0 86 0 
0 92 0 
0 93 0 
0 94 0 
0 95 0 
0 96 0 
1 5 0 
1 6 0 
1 17 0 
1 18 0 
1 27 0 
1 28 0 
1 32 0 
1 40 0 
1 41 0 
1 42 0 
1 43 0 
1 45 0 
1 52 0 
1 54 0 
1 56 0 
1 74 0 
1 82 0 
1 83 0 
1 84 0 
1 85 0 
1 87 0 
1 91 0 
1 97 0 
2 5 0 
2 6 0 
2 14 0 
2 15 0 
2 16 0 
2 17 0 
2 27 0 
2 32 0 
2 41 0 
2 52 0 
2 54 0 
2 57 0 
2 74 0 
2 88 0 
2 89 0 
2 90 0 
2 97 0 
3 4 0 
3 7 0 
3 13 0 
3 14 0 
3 17 0 
3 28 0 
3 33 0 
3 41 0 
3 52 0 
3 53 0 
3 57 0 
3 74 0 
3 89 0 
3 97 0 
4 3 0 
4 8 0 
4 10 0 
4 11 0 
4 12 0 
4 13 0 
4 18 0 
4 28 0 
4 34 0 
4 42 0 
4 51 0 
4 58 0 
4 67 0 
4 74 0 
4 81 0 
4 82 0 
4 88 0 
4 90 0 
4 91 0 
4 92 0 
4 97 0 
5 3 0 
5 9 0 
5 10 0 
5 19 0 
5 29 0 
5 35 0 
5 43 0 
5 51 0 
5 52 0 
5 58 0 
5 62 0 
5 66 0 
5 68 0 
5 69 0 
5 70 0 
5 73 0 
5 80 0 
5 81 0 
5 83 0 
5 84 0 
5 89 0 
5 92 0 
5 93 0 
5 97 0 
6 3 0 
6 11 0 
6 19 0 
6 20 0 
6 29 0 
6 31 0 
6 33 0 
6 36 0 
6 42 0 
6 47 0 
6 48 0 
6 49 0 
6 50 0 
6 51 0 
6 52 0 
6 53 0 
6 59 0 
6 61 0 
6 62 0 
6 64 0 
6 65 0 
6 67 0 
6 68 0 
6 71 0 
6 74 0 
6 77 0 
6 78 0 
6 79 0 
6 80 0 
6 81 0 
6 82 0 
6 83 0 
6 84 0 
6 85 0 
6 86 0 
6 88 0 
6 94 0 
6 98 0 
7 4 0 
7 12 0 
7 21 0 
7 22 0 
7 29 0 
7 30 0 
7 32 0 
7 33 0 
7 36 0 
7 41 0 
7 43 0 
7 44 0 
7 45 0 
7 46 0 
7 53 0 
7 54 0 
7 59 0 
7 60 0 
7 62 0 
7 63 0 
7 64 0 
7 65 0 
7 66 0 
7 72 0 
7 75 0 
7 76 0 
7 78 0 
7 79 0 
7 80 0 
7 82 0 
7 83 0 
7 87 0 
7 94 0 
7 98 0 
8 5 0 
8 12 0 
8 23 0 
8 28 0 
8 34 0 
8 36 0 
8 40 0 
8 41 0 
8 42 0 
8 43 0 
8 54 0 
8 55 0 
8 59 0 
8 60 0 
8 61 0 
8 62 0 
8 63 0 
8 64 0 
8 70 0 
8 71 0 
8 73 0 
8 74 0 
8 79 0 
8 81 0 
8 83 0 
8 84 0 
8 88 0 
8 95 0 
8 99 0 
9 5 0 
9 13 0 
9 20 0 
9 23 0 
9 24 0 
9 25 0 
9 26 0 
9 27 0 
9 35 0 
9 37 0 
9 38 0 
9 39 0 
9 40 0 
9 41 0 
9 42 0 
9 54 0 
9 55 0 
9 56 0 
9 59 0 
9 60 0 
9 61 0 
9 63 0 
9 70 0 
9 73 0 
9 74 0 
9 75 0 
9 76 0 
9 78 0 
9 82 0 
9 83 0 
9 84 0 
9 85 0 
9 86 0 
9 87 0 
9 89 0 
9 96 0 
9 99 0 
10 5 0 
10 14 0 
10 16 0 
10 17 0 
10 19 0 
10 21 0 
10 22 0 
10 23 0 
10 25 0 
10 36 0 
10 38 0 
10 41 0 
10 51 0 
10 52 0 
10 53 0 
10 54 0 
10 55 0 
10 56 0 
10 58 0 
10 62 0 
10 63 0 
10 64 0 
10 65 0 
10 68 0 
10 69 0 
10 73 0 
10 75 0 
10 76 0 
10 77 0 
10 78 0 
10 83 0 
10 86 0 
10 89 0 
10 96 0 
10 99 0 
11 4 0 
11 11 0 
11 12 0 
11 13 0 
11 14 0 
11 15 0 
11 16 0 
11 17 0 
11 18 0 
11 19 0 
11 20 0 
11 21 0 
11 22 0 
11 23 0 
11 24 0 
11 25 0 
11 26 0 
11 27 0 
11 36 0 
11 37 0 
11 40 0 
11 42 0 
11 43 0 
11 44 0 
11 45 0 
11 46 0 
11 47 0 
11 48 0 
11 49 0 
11 50 0 
11 51 0 
11 52 0 
11 53 0 
11 54 0 
11 55 0 
11 56 0 
11 57 0 
11 58 0 
11 59 0 
11 63 0 
11 65 0 
11 67 0 
11 73 0 
11 74 0 
11 75 0 
11 76 0 
11 77 0 
11 78 0 
11 79 0 
11 80 0 
11 81 0 
11 82 0 
11 83 0 
11 84 0 
11 85 0 
11 86 0 
11 87 0 
11 88 0 
11 89 0 
11 90 0 
11 91 0 
11 96 0 
11 99 0 
12 4 0 
12 13 0 
12 15 0 
12 16 0 
12 17 0 
12 18 0 
12 19 0 
12 20 0 
12 21 0 
12 22 0 
12 23 0 
12 24 0 
12 25 0 
12 26 0 
12 36 0 
12 37 0 
12 38 0 
12 39 0 
12 40 0 
12 43 0 
12 44 0 
12 46 0 
12 47 0 
12 48 0 
12 52 0 
12 53 0 
12 54 0 
12 55 0 
12 57 0 
12 64 0 
12 66 0 
12 74 0 
12 75 0 
12 76 0 
12 77 0 
12 78 0 
12 79 0 
12 80 0 
12 95 0 
12 96 0 
12 98 0 
13 4 0 
13 14 0 
13 15 0 
13 16 0 
13 17 0 
13 19 0 
13 20 0 
13 21 0 
13 24 0 
13 37 0 
13 44 0 
13 46 0 
13 48 0 
13 52 0 
13 53 0 
13 55 0 
13 56 0 
13 64 0 
13 65 0 
13 74 0 
13 75 0 
13 77 0 
13 78 0 
13 81 0 
13 95 0 
13 98 0 
14 4 0 
14 15 0 
14 17 0 
14 18 0 
14 19 0 
14 20 0 
14 24 0 
14 25 0 
14 38 0 
14 43 0 
14 44 0 
14 45 0 
14 47 0 
14 48 0 
14 50 0 
14 51 0 
14 52 0 
14 53 0 
14 54 0 
14 55 0 
14 56 0 
14 57 0 
14 58 0 
14 59 0 
14 60 0 
14 64 0 
14 65 0 
14 74 0 
14 75 0 
14 77 0 
14 81 0 
14 95 0 
14 97 0 
15 5 0 
15 26 0 
15 27 0 
15 28 0 
15 38 0 
15 42 0 
15 43 0 
15 46 0 
15 47 0 
15 48 0 
15 49 0 
15 57 0 
15 61 0 
15 64 0 
15 65 0 
15 74 0 
15 80 0 
15 95 0 
15 97 0 
16 4 0 
16 29 0 
16 39 0 
16 40 0 
16 41 0 
16 43 0 
16 58 0 
16 61 0 
16 64 0 
16 73 0 
16 80 0 
16 95 0 
16 97 0 
17 4 0 
17 30 0 
17 42 0 
17 44 0 
17 57 0 
17 61 0 
17 62 0 
17 63 0 
17 73 0 
17 80 0 
17 95 0 
17 97 0 
18 4 0 
18 10 0 
18 11 0 
18 16 0 
18 17 0 
18 30 0 
18 41 0 
18 43 0 
18 44 0 
18 45 0 
18 57 0 
18 60 0 
18 62 0 
18 63 0 
18 72 0 
18 74 0 
18 80 0 
18 81 0 
18 89 0 
18 90 0 
18 91 0 
18 95 0 
18 97 0 
19 5 0 
19 9 0 
19 10 0 
19 12 0 
19 13 0 
19 14 0 
19 15 0 
19 16 0 
19 18 0 
19 19 0 
19 31 0 
19 32 0 
19 40 0 
19 41 0 
19 42 0 
19 43 0 
19 46 0 
19 48 0 
19 49 0 
19 58 0 
19 59 0 
19 60 0 
19 61 0 
19 62 0 
19 63 0 
19 72 0 
19 74 0 
19 80 0 
19 81 0 
19 83 0 
19 85 0 
19 87 0 
19 88 0 
19 92 0 
19 93 0 
19 95 0 
19 97 0 
20 4 0 
20 5 0 
20 6 0 
20 10 0 
20 11 0 
20 12 0 
20 13 0 
20 14 0 
20 16 0 
20 17 0 
20 18 0 
20 19 0 
20 20 0 
20 21 0 
20 31 0 
20 32 0 
20 41 0 
20 44 0 
20 47 0 
20 48 0 
20 49 0 
20 60 0 
20 61 0 
20 63 0 
20 73 0 
20 74 0 
20 78 0 
20 79 0 
20 80 0 
20 81 0 
20 82 0 
20 83 0 
20 84 0 
20 86 0 
20 92 0 
20 93 0 
20 94 0 
20 95 0 
20 96 0 
21 1 0 
21 2 0 
21 3 0 
21 4 0 
21 5 0 
21 6 0 
21 11 0 
21 19 0 
21 20 0 
21 21 0 
21 22 0 
21 31 0 
21 41 0 
21 45 0 
21 47 0 
21 59 0 
21 61 0 
21 63 0 
21 73 0 
21 77 0 
21 81 0 
21 91 0 
21 92 0 
21 95 0 
22 0 0 
22 3 0 
22 4 0 
22 6 0 
22 12 0 
22 13 0 
22 16 0 
22 17 0 
22 21 0 
22 22 0 
22 23 0 
22 24 0 
22 25 0 
22 26 0 
22 32 0 
22 41 0 
22 42 0 
22 44 0 
22 45 0 
22 46 0 
22 47 0 
22 57 0 
22 58 0 
22 59 0 
22 60 0 
22 62 0 
22 74 0 
22 75 0 
22 76 0 
22 77 0 
22 81 0 
22 82 0 
22 91 0 
22 92 0 
22 95 0 
23 0 0 
23 7 0 
23 13 0 
23 15 0 
23 17 0 
23 18 0 
23 19 0 
23 20 0 
23 21 0 
23 22 0 
23 25 0 
23 26 0 
23 28 0 
23 32 0 
23 42 0 
23 43 0 
23 44 0 
23 46 0 
23 47 0 
23 58 0 
23 59 0 
23 60 0 
23 61 0 
23 62 0 
23 73 0 
23 76 0 
23 77 0 
23 81 0 
23 92 0 
23 95 0 
24 0 0 
24 8 0 
24 13 0 
24 15 0 
24 18 0 
24 19 0 
24 20 0 
24 21 0 
24 23 0 
24 25 0 
24 27 0 
24 29 0 
24 31 0 
24 43 0 
24 45 0 
24 46 0 
24 58 0 
24 59 0 
24 63 0 
24 67 0 
24 70 0 
24 72 0 
24 77 0 
24 78 0 
24 80 0 
24 92 0 
24 93 0 
24 94 0 
24 95 0 
25 0 0 
25 9 0 
25 14 0 
25 21 0 
25 22 0 
25 23 0 
25 24 0 
25 30 0 
25 31 0 
25 44 0 
25 45 0 
25 59 0 
25 60 0 
25 63 0 
25 65 0 
25 66 0 
25 68 0 
25 69 0 
25 71 0 
25 77 0 
25 80 0 
25 87 0 
25 88 0 
25 89 0 
25 91 0 
25 92 0 
25 93 0 
25 94 0 
26 0 0 
26 10 0 
26 14 0 
26 21 0 
26 22 0 
26 23 0 
26 24 0 
26 45 0 
26 58 0 
26 61 0 
26 62 0 
26 63 0 
26 64 0 
26 65 0 
26 77 0 
26 78 0 
26 80 0 
26 81 0 
26 82 0 
26 85 0 
26 86 0 
26 87 0 
26 88 0 
26 89 0 
26 91 0 
26 92 0 
26 100 0 
27 0 0 
27 10 0 
27 11 0 
27 12 0 
27 13 0 
27 14 0 
27 15 0 
27 16 0 
27 17 0 
27 18 0 
27 19 0 
27 20 0 
27 21 0 
27 22 0 
27 23 0 
27 24 0 
27 25 0 
27 26 0 
27 27 0 
27 37 0 
27 38 0 
27 39 0 
27 40 0 
27 41 0 
27 43 0 
27 44 0 
27 45 0 
27 46 0 
27 47 0 
27 48 0 
27 49 0 
27 50 0 
27 51 0 
27 52 0 
27 53 0 
27 54 0 
27 55 0 
27 56 0 
27 57 0 
27 58 0 
27 59 0 
27 75 0 
27 76 0 
27 77 0 
27 78 0 
27 79 0 
27 80 0 
27 81 0 
27 82 0 
27 83 0 
27 84 0 
27 85 0 
27 86 0 
27 87 0 
27 88 0 
27 89 0 
27 90 0 
27 91 0 
27 92 0 
27 93 0 
27 94 0 
27 95 0 
27 99 0 
27 100 0 
28 0 0 
28 8 0 
28 9 0 
28 10 0 
28 11 0 
28 14 0 
28 18 0 
28 19 0 
28 20 0 
28 24 0 
28 31 0 
28 32 0 
28 33 0 
28 36 0 
28 42 0 
28 43 0 
28 44 0 
28 48 0 
28 50 0 
28 54 0 
28 55 0 
28 57 0 
28 58 0 
28 78 0 
28 79 0 
28 80 0 
28 81 0 
28 82 0 
28 86 0 
28 94 0 
28 95 0 
28 96 0 
28 97 0 
28 98 0 
28 100 0 
29 0 0 
29 9 0 
29 10 0 
29 14 0 
29 19 0 
29 24 0 
29 25 0 
29 29 0 
29 30 0 
29 32 0 
29 33 0 
29 34 0 
29 35 0 
29 37 0 
29 48 0 
29 49 0 
29 51 0 
29 52 0 
29 53 0 
29 54 0 
29 55 0 
29 56 0 
29 59 0 
29 60 0 
29 80 0 
29 81 0 
29 82 0 
29 83 0 
29 85 0 
29 95 0 
29 96 0 
29 98 0 
29 100 0 
30 0 0 
30 10 0 
30 11 0 
30 14 0 
30 25 0 
30 26 0 
30 28 0 
30 34 0 
30 35 0 
30 36 0 
30 37 0 
30 38 0 
30 48 0 
30 52 0 
30 55 0 
30 59 0 
30 60 0 
30 77 0 
30 78 0 
30 79 0 
30 80 0 
30 83 0 
30 84 0 
30 95 0 
30 97 0 
30 99 0 
31 1 0 
31 8 0 
31 9 0 
31 10 0 
31 14 0 
31 18 0 
31 19 0 
31 20 0 
31 21 0 
31 22 0 
31 24 0 
31 26 0 
31 27 0 
31 38 0 
31 48 0 
31 49 0 
31 50 0 
31 51 0 
31 54 0 
31 59 0 
31 60 0 
31 61 0 
31 78 0 
31 79 0 
31 80 0 
31 81 0 
31 82 0 
31 83 0 
31 96 0 
32 1 0 
32 7 0 
32 13 0 
32 15 0 
32 16 0 
32 18 0 
32 20 0 
32 21 0 
32 22 0 
32 23 0 
32 39 0 
32 53 0 
32 54 0 
32 55 0 
32 56 0 
32 57 0 
32 60 0 
32 61 0 
32 62 0 
32 65 0 
32 66 0 
32 67 0 
32 68 0 
32 79 0 
32 95 0 
33 1 0 
33 7 0 
33 13 0 
33 14 0 
33 16 0 
33 17 0 
33 19 0 
33 40 0 
33 54 0 
33 58 0 
33 60 0 
33 64 0 
33 66 0 
33 67 0 
33 68 0 
33 95 0 
33 96 0 
34 2 0 
34 8 0 
34 13 0 
34 15 0 
34 17 0 
34 18 0 
34 41 0 
34 53 0 
34 58 0 
34 60 0 
34 61 0 
34 62 0 
34 63 0 
34 65 0 
34 94 0 
35 3 0 
35 8 0 
35 42 0 
35 51 0 
35 52 0 
35 57 0 
35 59 0 
35 64 0 
35 75 0 
35 76 0 
35 77 0 
35 78 0 
35 79 0 
35 94 0 
36 4 0 
36 8 0 
36 27 0 
36 28 0 
36 39 0 
36 40 0 
36 43 0 
36 50 0 
36 56 0 
36 58 0 
36 64 0 
36 74 0 
36 75 0 
36 80 0 
36 81 0 
36 95 0 
36 96 0 
36 97 0 
37 5 0 
37 8 0 
37 26 0 
37 28 0 
37 29 0 
37 30 0 
37 37 0 
37 38 0 
37 41 0 
37 43 0 
37 44 0 
37 49 0 
37 50 0 
37 56 0 
37 58 0 
37 59 0 
37 63 0 
37 73 0 
37 75 0 
37 82 0 
37 84 0 
37 85 0 
37 86 0 
37 87 0 
37 88 0 
37 96 0 
37 97 0 
38 6 0 
38 8 0 
38 25 0 
38 30 0 
38 37 0 
38 42 0 
38 44 0 
38 45 0 
38 49 0 
38 50 0 
38 51 0 
38 52 0 
38 53 0 
38 54 0 
38 56 0 
38 57 0 
38 58 0 
38 59 0 
38 62 0 
38 73 0 
38 74 0 
38 83 0 
38 84 0 
38 85 0 
38 86 0 
38 87 0 
38 88 0 
38 96 0 
38 98 0 
39 7 0 
39 8 0 
39 25 0 
39 26 0 
39 30 0 
39 31 0 
39 32 0 
39 33 0 
39 34 0 
39 35 0 
39 36 0 
39 45 0 
39 48 0 
39 49 0 
39 50 0 
39 51 0 
39 55 0 
39 58 0 
39 61 0 
39 62 0 
39 63 0 
39 73 0 
39 74 0 
39 84 0 
39 87 0 
39 96 0 
39 98 0 
40 7 0 
40 16 0 
40 17 0 
40 25 0 
40 26 0 
40 27 0 
40 34 0 
40 44 0 
40 48 0 
40 49 0 
40 58 0 
40 59 0 
40 60 0 
40 63 0 
40 64 0 
40 65 0 
40 66 0 
40 67 0 
40 74 0 
40 82 0 
40 83 0 
40 88 0 
40 95 0 
40 99 0 
41 8 0 
41 16 0 
41 18 0 
41 25 0 
41 27 0 
41 28 0 
41 34 0 
41 43 0 
41 44 0 
41 48 0 
41 49 0 
41 57 0 
41 58 0 
41 63 0 
41 64 0 
41 67 0 
41 74 0 
41 81 0 
41 82 0 
41 88 0 
41 94 0 
41 99 0 
42 9 0 
42 16 0 
42 18 0 
42 25 0 
42 28 0 
42 29 0 
42 34 0 
42 45 0 
42 48 0 
42 49 0 
42 50 0 
42 56 0 
42 62 0 
42 63 0 
42 66 0 
42 74 0 
42 79 0 
42 80 0 
42 85 0 
42 86 0 
42 87 0 
42 88 0 
42 93 0 
42 94 0 
42 99 0 
42 100 0 
43 4 0 
43 10 0 
43 11 0 
43 12 0 
43 13 0 
43 14 0 
43 15 0 
43 16 0 
43 17 0 
43 18 0 
43 19 0 
43 20 0 
43 21 0 
43 22 0 
43 23 0 
43 24 0 
43 25 0 
43 26 0 
43 27 0 
43 28 0 
43 35 0 
43 43 0 
43 44 0 
43 45 0 
43 46 0 
43 47 0 
43 48 0 
43 49 0 
43 50 0 
43 51 0 
43 52 0 
43 53 0 
43 54 0 
43 55 0 
43 56 0 
43 57 0 
43 58 0 
43 59 0 
43 60 0 
43 61 0 
43 63 0 
43 64 0 
43 66 0 
43 74 0 
43 75 0 
43 76 0 
43 77 0 
43 78 0 
43 79 0 
43 80 0 
43 81 0 
43 82 0 
43 83 0 
43 84 0 
43 85 0 
43 86 0 
43 87 0 
43 88 0 
43 89 0 
43 90 0 
43 91 0 
43 93 0 
43 100 0 
44 3 0 
44 4 0 
44 5 0 
44 6 0 
44 7 0 
44 8 0 
44 9 0 
44 11 0 
44 12 0 
44 17 0 
44 21 0 
44 22 0 
44 23 0 
44 26 0 
44 27 0 
44 34 0 
44 37 0 
44 38 0 
44 39 0 
44 40 0 
44 41 0 
44 42 0 
44 43 0 
44 55 0 
44 58 0 
44 59 0 
44 60 0 
44 61 0 
44 64 0 
44 65 0 
44 66 0 
44 69 0 
44 70 0 
44 71 0 
44 72 0 
44 73 0 
44 74 0 
44 76 0 
44 78 0 
44 84 0 
44 85 0 
44 86 0 
44 87 0 
44 88 0 
44 91 0 
44 92 0 
44 93 0 
44 94 0 
44 100 0 
45 3 0 
45 4 0 
45 10 0 
45 11 0 
45 12 0 
45 13 0 
45 17 0 
45 18 0 
45 22 0 
45 23 0 
45 24 0 
45 27 0 
45 33 0 
45 34 0 
45 36 0 
45 42 0 
45 58 0 
45 59 0 
45 60 0 
45 61 0 
45 64 0 
45 66 0 
45 68 0 
45 75 0 
45 76 0 
45 77 0 
45 85 0 
45 87 0 
45 88 0 
45 91 0 
45 92 0 
45 93 0 
45 94 0 
45 100 0 
46 3 0 
46 4 0 
46 11 0 
46 13 0 
46 17 0 
46 18 0 
46 19 0 
46 21 0 
46 23 0 
46 24 0 
46 27 0 
46 34 0 
46 36 0 
46 43 0 
46 45 0 
46 46 0 
46 47 0 
46 48 0 
46 49 0 
46 59 0 
46 61 0 
46 62 0 
46 64 0 
46 66 0 
46 68 0 
46 74 0 
46 77 0 
46 78 0 
46 85 0 
46 86 0 
46 87 0 
46 92 0 
46 93 0 
46 100 0 
47 3 0 
47 4 0 
47 5 0 
47 11 0 
47 12 0 
47 13 0 
47 14 0 
47 17 0 
47 18 0 
47 19 0 
47 20 0 
47 21 0 
47 22 0 
47 23 0 
47 27 0 
47 28 0 
47 34 0 
47 36 0 
47 42 0 
47 44 0 
47 48 0 
47 49 0 
47 50 0 
47 51 0 
47 52 0 
47 53 0 
47 54 0 
47 55 0 
47 60 0 
47 61 0 
47 63 0 
47 64 0 
47 66 0 
47 68 0 
47 73 0 
47 75 0 
47 76 0 
47 77 0 
47 78 0 
47 79 0 
47 80 0 
47 81 0 
47 82 0 
47 83 0 
47 86 0 
47 87 0 
47 92 0 
47 93 0 
47 94 0 
47 100 0 
48 5 0 
48 6 0 
48 10 0 
48 11 0 
48 12 0 
48 14 0 
48 15 0 
48 16 0 
48 17 0 
48 18 0 
48 19 0 
48 20 0 
48 27 0 
48 28 0 
48 30 0 
48 31 0 
48 32 0 
48 33 0 
48 34 0 
48 35 0 
48 41 0 
48 43 0 
48 49 0 
48 56 0 
48 59 0 
48 60 0 
48 61 0 
48 64 0 
48 65 0 
48 67 0 
48 74 0 
48 75 0 
48 76 0 
48 77 0 
48 78 0 
48 83 0 
48 84 0 
48 85 0 
48 86 0 
48 87 0 
48 92 0 
48 100 0 
49 6 0 
49 8 0 
49 9 0 
49 10 0 
49 12 0 
49 13 0 
49 14 0 
49 15 0 
49 16 0 
49 18 0 
49 28 0 
49 30 0 
49 40 0 
49 41 0 
49 42 0 
49 57 0 
49 58 0 
49 59 0 
49 60 0 
49 65 0 
49 76 0 
49 78 0 
49 79 0 
49 86 0 
49 87 0 
49 92 0 
49 100 0 
50 2 0 
50 3 0 
50 4 0 
50 5 0 
50 6 0 
50 8 0 
50 13 0 
50 14 0 
50 15 0 
50 17 0 
50 27 0 
50 28 0 
50 29 0 
50 41 0 
50 57 0 
50 58 0 
50 64 0 
50 76 0 
50 79 0 
50 92 0 
50 99 0 
51 1 0 
51 6 0 
51 8 0 
51 12 0 
51 14 0 
51 15 0 
51 16 0 
51 28 0 
51 29 0 
51 37 0 
51 38 0 
51 39 0 
51 40 0 
51 57 0 
51 64 0 
51 76 0 
51 77 0 
51 78 0 
51 79 0 
51 92 0 
51 98 0 
51 99 0 
52 0 0 
52 8 0 
52 9 0 
52 10 0 
52 11 0 
52 12 0 
52 13 0 
52 14 0 
52 15 0 
52 16 0 
52 36 0 
52 57 0 
52 63 0 
52 64 0 
52 74 0 
52 75 0 
52 76 0 
52 77 0 
52 92 0 
52 97 0 
53 1 0 
53 9 0 
53 10 0 
53 11 0 
53 12 0 
53 16 0 
53 35 0 
53 48 0 
53 49 0 
53 56 0 
53 57 0 
53 58 0 
53 61 0 
53 62 0 
53 63 0 
53 64 0 
53 73 0 
53 75 0 
53 76 0 
53 78 0 
53 83 0 
53 84 0 
53 85 0 
53 88 0 
53 89 0 
53 90 0 
53 91 0 
53 97 0 
54 2 0 
54 10 0 
54 11 0 
54 12 0 
54 35 0 
54 47 0 
54 48 0 
54 49 0 
54 56 0 
54 60 0 
54 73 0 
54 75 0 
54 76 0 
54 79 0 
54 80 0 
54 82 0 
54 84 0 
54 85 0 
54 86 0 
54 87 0 
54 88 0 
54 97 0 
55 3 0 
55 4 0 
55 13 0 
55 33 0 
55 34 0 
55 43 0 
55 44 0 
55 47 0 
55 50 0 
55 56 0 
55 59 0 
55 73 0 
55 74 0 
55 75 0 
55 81 0 
55 82 0 
55 97 0 
56 4 0 
56 5 0 
56 6 0 
56 12 0 
56 13 0 
56 14 0 
56 33 0 
56 41 0 
56 42 0 
56 45 0 
56 46 0 
56 47 0 
56 48 0 
56 49 0 
56 56 0 
56 59 0 
56 76 0 
56 82 0 
56 83 0 
56 97 0 
57 4 0 
57 7 0 
57 12 0 
57 13 0 
57 14 0 
57 33 0 
57 39 0 
57 40 0 
57 47 0 
57 48 0 
57 49 0 
57 57 0 
57 58 0 
57 72 0 
57 76 0 
57 83 0 
57 94 0 
57 95 0 
57 96 0 
58 6 0 
58 7 0 
58 8 0 
58 12 0 
58 13 0 
58 14 0 
58 34 0 
58 38 0 
58 48 0 
58 50 0 
58 51 0 
58 52 0 
58 53 0 
58 54 0 
58 55 0 
58 57 0 
58 71 0 
58 72 0 
58 76 0 
58 77 0 
58 83 0 
58 84 0 
58 85 0 
58 93 0 
58 94 0 
58 95 0 
59 5 0 
59 6 0 
59 9 0 
59 10 0 
59 11 0 
59 12 0 
59 13 0 
59 14 0 
59 15 0 
59 16 0 
59 17 0 
59 18 0 
59 19 0 
59 20 0 
59 21 0 
59 22 0 
59 23 0 
59 24 0 
59 25 0 
59 26 0 
59 27 0 
59 35 0 
59 38 0 
59 43 0 
59 44 0 
59 45 0 
59 46 0 
59 47 0 
59 48 0 
59 49 0 
59 50 0 
59 51 0 
59 52 0 
59 53 0 
59 54 0 
59 55 0 
59 56 0 
59 57 0 
59 58 0 
59 59 0 
59 70 0 
59 72 0 
59 75 0 
59 76 0 
59 77 0 
59 78 0 
59 79 0 
59 80 0 
59 81 0 
59 82 0 
59 83 0 
59 84 0 
59 85 0 
59 86 0 
59 87 0 
59 88 0 
59 89 0 
59 90 0 
59 91 0 
59 92 0 
59 93 0 
59 95 0 
60 3 0 
60 4 0 
60 11 0 
60 12 0 
60 14 0 
60 15 0 
60 16 0 
60 18 0 
60 21 0 
60 22 0 
60 23 0 
60 24 0 
60 36 0 
60 38 0 
60 43 0 
60 44 0 
60 45 0 
60 50 0 
60 51 0 
60 53 0 
60 54 0 
60 69 0 
60 72 0 
60 73 0 
60 80 0 
60 83 0 
60 84 0 
60 89 0 
60 90 0 
60 91 0 
60 94 0 
60 95 0 
61 2 0 
61 13 0 
61 14 0 
61 15 0 
61 17 0 
61 18 0 
61 22 0 
61 23 0 
61 24 0 
61 26 0 
61 37 0 
61 38 0 
61 39 0 
61 44 0 
61 45 0 
61 46 0 
61 47 0 
61 51 0 
61 52 0 
61 53 0 
61 54 0 
61 55 0 
61 56 0 
61 57 0 
61 58 0 
61 59 0 
61 68 0 
61 73 0 
61 74 0 
61 75 0 
61 80 0 
61 94 0 
62 2 0 
62 13 0 
62 14 0 
62 15 0 
62 16 0 
62 17 0 
62 18 0 
62 19 0 
62 21 0 
62 25 0 
62 26 0 
62 44 0 
62 47 0 
62 55 0 
62 59 0 
62 68 0 
62 76 0 
62 79 0 
62 94 0 
63 1 0 
63 2 0 
63 3 0 
63 4 0 
63 14 0 
63 15 0 
63 16 0 
63 17 0 
63 19 0 
63 20 0 
63 27 0 
63 29 0 
63 30 0 
63 31 0 
63 43 0 
63 44 0 
63 46 0 
63 48 0 
63 50 0 
63 52 0 
63 53 0 
63 54 0 
63 59 0 
63 68 0 
63 77 0 
63 78 0 
63 95 0 
64 5 0 
64 13 0 
64 14 0 
64 17 0 
64 18 0 
64 19 0 
64 28 0 
64 32 0 
64 33 0 
64 34 0 
64 43 0 
64 45 0 
64 46 0 
64 47 0 
64 48 0 
64 49 0 
64 50 0 
64 51 0 
64 59 0 
64 68 0 
64 77 0 
64 78 0 
64 95 0 
65 6 0 
65 11 0 
65 12 0 
65 18 0 
65 28 0 
65 33 0 
65 42 0 
65 60 0 
65 68 0 
65 77 0 
65 79 0 
65 95 0 
66 7 0 
66 10 0 
66 28 0 
66 33 0 
66 42 0 
66 61 0 
66 68 0 
66 78 0 
66 80 0 
66 81 0 
66 94 0 
67 8 0 
67 9 0 
67 10 0 
67 27 0 
67 28 0 
67 33 0 
67 41 0 
67 61 0 
67 68 0 
67 79 0 
67 81 0 
67 94 0 
68 8 0 
68 9 0 
68 10 0 
68 15 0 
68 28 0 
68 32 0 
68 40 0 
68 61 0 
68 62 0 
68 63 0 
68 67 0 
68 78 0 
68 79 0 
68 82 0 
68 92 0 
68 93 0 
68 94 0 
69 8 0 
69 9 0 
69 11 0 
69 15 0 
69 16 0 
69 24 0 
69 25 0 
69 29 0 
69 32 0 
69 41 0 
69 47 0 
69 48 0 
69 50 0 
69 51 0 
69 62 0 
69 67 0 
69 79 0 
69 80 0 
69 81 0 
69 82 0 
69 83 0 
69 89 0 
69 90 0 
69 91 0 
69 94 0 
70 7 0 
70 9 0 
70 11 0 
70 15 0 
70 16 0 
70 17 0 
70 18 0 
70 19 0 
70 20 0 
70 22 0 
70 24 0 
70 25 0 
70 26 0 
70 27 0 
70 28 0 
70 33 0 
70 34 0 
70 42 0 
70 43 0 
70 44 0 
70 45 0 
70 46 0 
70 49 0 
70 51 0 
70 61 0 
70 67 0 
70 78 0 
70 79 0 
70 83 0 
70 84 0 
70 88 0 
70 89 0 
70 94 0 
71 6 0 
71 7 0 
71 8 0 
71 9 0 
71 12 0 
71 15 0 
71 18 0 
71 19 0 
71 20 0 
71 21 0 
71 23 0 
71 24 0 
71 28 0 
71 29 0 
71 30 0 
71 31 0 
71 32 0 
71 33 0 
71 44 0 
71 52 0 
71 61 0 
71 66 0 
71 77 0 
71 85 0 
71 86 0 
71 87 0 
71 94 0 
71 95 0 
72 7 0 
72 12 0 
72 15 0 
72 17 0 
72 19 0 
72 23 0 
72 25 0 
72 45 0 
72 53 0 
72 61 0 
72 62 0 
72 63 0 
72 64 0 
72 65 0 
72 76 0 
72 77 0 
72 78 0 
72 94 0 
72 95 0 
73 7 0 
73 8 0 
73 13 0 
73 15 0 
73 16 0 
73 17 0 
73 18 0 
73 19 0 
73 24 0 
73 25 0 
73 38 0 
73 39 0 
73 40 0 
73 41 0 
73 45 0 
73 46 0 
73 47 0 
73 49 0 
73 54 0 
73 63 0 
73 74 0 
73 75 0 
73 76 0 
73 77 0 
73 78 0 
73 94 0 
73 95 0 
74 3 0 
74 7 0 
74 8 0 
74 14 0 
74 16 0 
74 17 0 
74 19 0 
74 24 0 
74 25 0 
74 26 0 
74 37 0 
74 42 0 
74 43 0 
74 44 0 
74 45 0 
74 47 0 
74 48 0 
74 49 0 
74 50 0 
74 55 0 
74 63 0 
74 64 0 
74 70 0 
74 71 0 
74 72 0 
74 73 0 
74 77 0 
74 84 0 
74 94 0 
74 95 0 
75 3 0 
75 4 0 
75 7 0 
75 8 0 
75 9 0 
75 10 0 
75 11 0 
75 12 0 
75 13 0 
75 14 0 
75 15 0 
75 16 0 
75 17 0 
75 18 0 
75 19 0 
75 20 0 
75 21 0 
75 22 0 
75 23 0 
75 24 0 
75 25 0 
75 26 0 
75 27 0 
75 37 0 
75 43 0 
75 44 0 
75 45 0 
75 46 0 
75 47 0 
75 48 0 
75 49 0 
75 50 0 
75 51 0 
75 52 0 
75 53 0 
75 54 0 
75 55 0 
75 56 0 
75 57 0 
75 58 0 
75 59 0 
75 62 0 
75 63 0 
75 70 0 
75 75 0 
75 76 0 
75 77 0 
75 78 0 
75 79 0 
75 80 0 
75 81 0 
75 82 0 
75 83 0 
75 84 0 
75 85 0 
75 86 0 
75 87 0 
75 88 0 
75 89 0 
75 90 0 
75 91 0 
75 94 0 
75 95 0 
75 96 0 
75 97 0 
76 3 0 
76 4 0 
76 7 0 
76 8 0 
76 9 0 
76 10 0 
76 11 0 
76 12 0 
76 13 0 
76 14 0 
76 15 0 
76 16 0 
76 19 0 
76 20 0 
76 25 0 
76 26 0 
76 27 0 
76 36 0 
76 45 0 
76 46 0 
76 47 0 
76 49 0 
76 50 0 
76 51 0 
76 52 0 
76 54 0 
76 55 0 
76 59 0 
76 60 0 
76 62 0 
76 63 0 
76 69 0 
76 77 0 
76 78 0 
76 82 0 
76 88 0 
76 91 0 
76 92 0 
76 93 0 
76 94 0 
76 95 0 
76 98 0 
77 2 0 
77 5 0 
77 6 0 
77 7 0 
77 8 0 
77 9 0 
77 13 0 
77 25 0 
77 26 0 
77 36 0 
77 45 0 
77 47 0 
77 48 0 
77 51 0 
77 56 0 
77 59 0 
77 60 0 
77 61 0 
77 62 0 
77 69 0 
77 76 0 
77 78 0 
77 79 0 
77 81 0 
77 83 0 
77 84 0 
77 87 0 
77 88 0 
77 89 0 
77 90 0 
77 91 0 
77 92 0 
77 93 0 
77 98 0 
78 0 0 
78 1 0 
78 9 0 
78 13 0 
78 26 0 
78 27 0 
78 36 0 
78 37 0 
78 45 0 
78 48 0 
78 52 0 
78 54 0 
78 55 0 
78 70 0 
78 77 0 
78 80 0 
78 81 0 
78 84 0 
78 85 0 
78 87 0 
78 88 0 
78 99 0 
79 1 0 
79 9 0 
79 12 0 
79 13 0 
79 25 0 
79 26 0 
79 38 0 
79 44 0 
79 49 0 
79 50 0 
79 53 0 
79 55 0 
79 56 0 
79 70 0 
79 81 0 
79 82 0 
79 83 0 
79 85 0 
79 86 0 
79 89 0 
79 99 0 
80 1 0 
80 9 0 
80 11 0 
80 12 0 
80 14 0 
80 15 0 
80 24 0 
80 25 0 
80 27 0 
80 39 0 
80 43 0 
80 51 0 
80 52 0 
80 53 0 
80 54 0 
80 55 0 
80 57 0 
80 71 0 
80 81 0 
80 82 0 
80 83 0 
80 84 0 
80 89 0 
80 99 0 
81 2 0 
81 9 0 
81 10 0 
81 11 0 
81 12 0 
81 15 0 
81 25 0 
81 26 0 
81 39 0 
81 42 0 
81 44 0 
81 53 0 
81 54 0 
81 56 0 
81 57 0 
81 72 0 
81 83 0 
81 89 0 
81 99 0 
82 2 0 
82 8 0 
82 9 0 
82 10 0 
82 12 0 
82 15 0 
82 25 0 
82 26 0 
82 40 0 
82 41 0 
82 44 0 
82 56 0 
82 57 0 
82 59 0 
82 72 0 
82 88 0 
82 100 0 
83 2 0 
83 8 0 
83 9 0 
83 10 0 
83 12 0 
83 15 0 
83 20 0 
83 21 0 
83 25 0 
83 26 0 
83 39 0 
83 44 0 
83 49 0 
83 50 0 
83 56 0 
83 57 0 
83 58 0 
83 59 0 
83 60 0 
83 73 0 
83 88 0 
83 99 0 
84 3 0 
84 8 0 
84 9 0 
84 10 0 
84 12 0 
84 14 0 
84 20 0 
84 21 0 
84 24 0 
84 25 0 
84 26 0 
84 27 0 
84 28 0 
84 29 0 
84 39 0 
84 42 0 
84 43 0 
84 48 0 
84 49 0 
84 51 0 
84 52 0 
84 53 0 
84 59 0 
84 60 0 
84 61 0 
84 74 0 
84 89 0 
84 90 0 
84 100 0 
85 4 0 
85 5 0 
85 7 0 
85 9 0 
85 10 0 
85 11 0 
85 12 0 
85 13 0 
85 17 0 
85 18 0 
85 19 0 
85 20 0 
85 21 0 
85 22 0 
85 23 0 
85 24 0 
85 25 0 
85 26 0 
85 27 0 
85 28 0 
85 37 0 
85 38 0 
85 39 0 
85 40 0 
85 41 0 
85 44 0 
85 45 0 
85 46 0 
85 47 0 
85 50 0 
85 51 0 
85 53 0 
85 54 0 
85 58 0 
85 75 0 
85 91 0 
85 100 0 
86 4 0 
86 8 0 
86 9 0 
86 10 0 
86 11 0 
86 12 0 
86 14 0 
86 16 0 
86 19 0 
86 22 0 
86 23 0 
86 26 0 
86 27 0 
86 28 0 
86 29 0 
86 35 0 
86 38 0 
86 45 0 
86 47 0 
86 52 0 
86 54 0 
86 58 0 
86 76 0 
86 80 0 
86 81 0 
86 82 0 
86 83 0 
86 84 0 
86 90 0 
86 91 0 
86 94 0 
86 99 0 
87 4 0 
87 9 0 
87 10 0 
87 11 0 
87 12 0 
87 13 0 
87 15 0 
87 17 0 
87 18 0 
87 20 0 
87 21 0 
87 22 0 
87 23 0 
87 24 0 
87 25 0 
87 26 0 
87 27 0 
87 29 0 
87 34 0 
87 35 0 
87 37 0 
87 38 0 
87 39 0 
87 40 0 
87 46 0 
87 47 0 
87 48 0 
87 50 0 
87 51 0 
87 55 0 
87 57 0 
87 58 0 
87 65 0 
87 66 0 
87 67 0 
87 76 0 
87 79 0 
87 80 0 
87 82 0 
87 84 0 
87 85 0 
87 91 0 
87 92 0 
87 94 0 
87 95 0 
87 99 0 
88 5 0 
88 8 0 
88 9 0 
88 11 0 
88 13 0 
88 14 0 
88 15 0 
88 16 0 
88 17 0 
88 18 0 
88 19 0 
88 20 0 
88 22 0 
88 23 0 
88 24 0 
88 25 0 
88 28 0 
88 30 0 
88 34 0 
88 35 0 
88 36 0 
88 38 0 
88 41 0 
88 46 0 
88 47 0 
88 48 0 
88 49 0 
88 56 0 
88 64 0 
88 66 0 
88 68 0 
88 69 0 
88 70 0 
88 71 0 
88 72 0 
88 76 0 
88 77 0 
88 78 0 
88 80 0 
88 83 0 
88 85 0 
88 86 0 
88 90 0 
88 92 0 
88 94 0 
88 96 0 
88 98 0 
89 5 0 
89 6 0 
89 7 0 
89 8 0 
89 9 0 
89 10 0 
89 12 0 
89 14 0 
89 15 0 
89 17 0 
89 18 0 
89 19 0 
89 20 0 
89 21 0 
89 22 0 
89 24 0 
89 26 0 
89 27 0 
89 30 0 
89 31 0 
89 32 0 
89 34 0 
89 35 0 
89 36 0 
89 39 0 
89 42 0 
89 43 0 
89 44 0 
89 45 0 
89 49 0 
89 56 0 
89 63 0 
89 67 0 
89 68 0 
89 69 0 
89 70 0 
89 71 0 
89 72 0 
89 73 0 
89 74 0 
89 77 0 
89 78 0 
89 79 0 
89 86 0 
89 87 0 
89 90 0 
89 92 0 
89 94 0 
89 96 0 
89 98 0 
90 10 0 
90 11 0 
90 12 0 
90 13 0 
90 14 0 
90 15 0 
90 16 0 
90 17 0 
90 18 0 
90 19 0 
90 22 0 
90 23 0 
90 24 0 
90 25 0 
90 26 0 
90 27 0 
90 29 0 
90 31 0 
90 32 0 
90 33 0 
90 39 0 
90 40 0 
90 41 0 
90 42 0 
90 43 0 
90 44 0 
90 46 0 
90 49 0 
90 56 0 
90 57 0 
90 58 0 
90 59 0 
90 60 0 
90 63 0 
90 68 0 
90 69 0 
90 71 0 
90 72 0 
90 74 0 
90 75 0 
90 77 0 
90 78 0 
90 83 0 
90 84 0 
90 85 0 
90 86 0 
90 87 0 
90 88 0 
90 89 0 
90 90 0 
90 91 0 
90 92 0 
90 93 0 
90 94 0 
90 96 0 
90 98 0 
91 11 0 
91 12 0 
91 13 0 
91 14 0 
91 15 0 
91 16 0 
91 17 0 
91 18 0 
91 19 0 
91 20 0 
91 21 0 
91 22 0 
91 23 0 
91 24 0 
91 25 0 
91 26 0 
91 27 0 
91 29 0 
91 38 0 
91 39 0 
91 41 0 
91 43 0 
91 44 0 
91 45 0 
91 46 0 
91 47 0 
91 48 0 
91 49 0 
91 50 0 
91 51 0 
91 52 0 
91 53 0 
91 54 0 
91 55 0 
91 56 0 
91 57 0 
91 58 0 
91 59 0 
91 61 0 
91 62 0 
91 63 0 
91 64 0 
91 67 0 
91 72 0 
91 73 0 
91 74 0 
91 75 0 
91 76 0 
91 77 0 
91 78 0 
91 79 0 
91 80 0 
91 81 0 
91 82 0 
91 83 0 
91 84 0 
91 85 0 
91 86 0 
91 87 0 
91 88 0 
91 89 0 
91 90 0 
91 91 0 
91 94 0 
91 96 0 
91 97 0 
91 98 0 
92 13 0 
92 14 0 
92 15 0 
92 16 0 
92 17 0 
92 18 0 
92 19 0 
92 23 0 
92 24 0 
92 25 0 
92 26 0 
92 27 0 
92 28 0 
92 30 0 
92 31 0 
92 32 0 
92 33 0 
92 34 0 
92 37 0 
92 38 0 
92 39 0 
92 41 0 
92 44 0 
92 45 0 
92 46 0 
92 47 0 
92 48 0 
92 50 0 
92 51 0 
92 52 0 
92 55 0 
92 56 0 
92 57 0 
92 58 0 
92 59 0 
92 60 0 
92 61 0 
92 62 0 
92 65 0 
92 66 0 
92 67 0 
92 72 0 
92 80 0 
92 82 0 
92 84 0 
92 88 0 
92 89 0 
92 97 0 
92 98 0 
93 3 0 
93 4 0 
93 5 0 
93 6 0 
93 7 0 
93 8 0 
93 9 0 
93 10 0 
93 11 0 
93 12 0 
93 14 0 
93 15 0 
93 17 0 
93 18 0 
93 19 0 
93 24 0 
93 27 0 
93 28 0 
93 29 0 
93 34 0 
93 35 0 
93 36 0 
93 37 0 
93 39 0 
93 42 0 
93 44 0 
93 46 0 
93 47 0 
93 49 0 
93 51 0 
93 52 0 
93 58 0 
93 60 0 
93 61 0 
93 62 0 
93 64 0 
93 65 0 
93 73 0 
93 74 0 
93 81 0 
93 83 0 
93 84 0 
93 85 0 
93 86 0 
93 88 0 
93 89 0 
93 90 0 
93 91 0 
93 92 0 
94 2 0 
94 14 0 
94 15 0 
94 16 0 
94 17 0 
94 19 0 
94 20 0 
94 21 0 
94 22 0 
94 23 0 
94 24 0 
94 29 0 
94 36 0 
94 37 0 
94 39 0 
94 42 0 
94 44 0 
94 45 0 
94 46 0 
94 47 0 
94 48 0 
94 50 0 
94 51 0 
94 59 0 
94 62 0 
94 63 0 
94 66 0 
94 67 0 
94 68 0 
94 69 0 
94 70 0 
94 71 0 
94 72 0 
94 75 0 
94 81 0 
94 83 0 
94 84 0 
94 85 0 
94 86 0 
94 87 0 
94 88 0 
94 91 0 
94 92 0 
95 3 0 
95 4 0 
95 5 0 
95 13 0 
95 14 0 
95 15 0 
95 16 0 
95 17 0 
95 18 0 
95 19 0 
95 20 0 
95 21 0 
95 22 0 
95 23 0 
95 24 0 
95 29 0 
95 36 0 
95 37 0 
95 38 0 
95 41 0 
95 42 0 
95 43 0 
95 44 0 
95 45 0 
95 49 0 
95 50 0 
95 60 0 
95 63 0 
95 64 0 
95 65 0 
95 66 0 
95 71 0 
95 75 0 
95 80 0 
95 81 0 
95 83 0 
95 84 0 
95 86 0 
95 87 0 
95 88 0 
95 89 0 
95 90 0 
95 92 0 
95 93 0 
95 94 0 
95 95 0 
96 6 0 
96 17 0 
96 18 0 
96 20 0 
96 23 0 
96 24 0 
96 29 0 
96 30 0 
96 42 0 
96 43 0 
96 45 0 
96 46 0 
96 47 0 
96 48 0 
96 50 0 
96 60 0 
96 71 0 
96 72 0 
96 74 0 
96 75 0 
96 76 0 
96 81 0 
96 82 0 
96 83 0 
96 84 0 
96 85 0 
96 86 0 
96 87 0 
96 88 0 
96 95 0 
97 7 0 
97 8 0 
97 9 0 
97 10 0 
97 11 0 
97 12 0 
97 13 0 
97 14 0 
97 15 0 
97 16 0 
97 19 0 
97 22 0 
97 23 0 
97 30 0 
97 31 0 
97 41 0 
97 42 0 
97 51 0 
97 52 0 
97 53 0 
97 54 0 
97 55 0 
97 58 0 
97 59 0 
97 60 0 
97 71 0 
97 72 0 
97 73 0 
97 74 0 
97 82 0 
97 84 0 
97 85 0 
97 90 0 
97 91 0 
97 92 0 
97 93 0 
97 94 0 
97 95 0 
98 8 0 
98 17 0 
98 20 0 
98 21 0 
98 23 0 
98 24 0 
98 29 0 
98 30 0 
98 31 0 
98 40 0 
98 41 0 
98 55 0 
98 56 0 
98 57 0 
98 71 0 
98 86 0 
98 88 0 
98 89 0 
98 94 0 
98 95 0 
98 96 0 
99 18 0 
99 19 0 
99 24 0 
99 26 0 
99 28 0 
99 40 0 
99 41 0 
99 56 0 
99 57 0 
99 87 0 
99 93 0 
99 94 0 
99 95 0 
100 25 0 
100 27 0 
100 40 0 
100 41 0 
100 94 0 
