4.47898 34.0741 44.8702 1.61149
16.3383 31.6978 42.1087 1.19929 
10.486 24.005 9.60629 1.75444
19.0054 34.9002 19.3155 1.68498
12.0979 10.2024 37.7463 1.62347
9.62257 23.8601 76.2756 1.5299
7.59423 43.4357 2.72842 1.78198
15.3408 27.6888 75.4638 1.32597
0.323048 7.70284 72.1133 1.95038
2.13511 18.062 49.8454 1.79871
13.4384 9.57655 49.3729 1.89099
16.9413 4.74063 65.8425 1.81665
11.9527 40.6394 33.3921 1.89255
3.13393 36.0296 43.5403 1.2342
12.6406 1.95232 67.7097 1.57533
2.08988 17.1579 5.71242 1.32121
2.55567 13.0278 72.8016 1.35015
18.7802 36.2285 75.4284 1.65459
1.26484 31.1395 64.5901 1.0597
8.10004 30.4134 78.3801 1.79986
3.93753 14.4183 8.42156 1.36679
4.82077 15.9116 42.8188 1.57908
17.5923 33.3686 20.7995 1.27214
19.3526 14.0741 36.3295 1.9618
17.6241 43.529 32.2951 1.7623
9.21288 6.10629 10.029 1.61702
14.9846 11.3478 62.8086 1.17678
0.14435 36.5441 20.3315 1.26624
15.8046 39.5801 62.7224 1.79918
8.65718 36.131 73.8437 1.94709
10.9992 7.68014 70.6392 1.17938
4.66449 34.3774 53.4699 1.18935
7.48114 37.0788 71.8708 1.80175
16.8127 26.6169 32.9752 1.8389
13.1714 14.6078 42.649 1.73539
3.61923 19.961 34.1452 1.31258
15.9701 30.2429 67.9472 1.27417
15.7256 7.34011 51.2982 1.21384
8.67962 0.912839 4.42406 1.32346
17.4682 38.943 57.8276 1.94523
11.7763 17.6938 57.3407 1.51844
2.02501 26.0502 29.9069 1.47047
0.972514 3.82647 1.42634 1.64772
4.35257 11.3218 12.0298 1.66805
16.3232 22.7976 9.03719 1.34408
7.74598 16.812 2.42697 1.95204
5.22077 44.133 7.64853 1.89323
15.7597 10.1922 16.7454 1.06198
14.6177 24.5667 24.1773 1.77856
2.27421 42.18 22.9565 1.18023
10.6893 11.6285 43.9706 1.29635
17.9874 17.0871 10.4383 1.10319
1.63653 20.2773 74.0514 1.82871
4.27912 27.4633 51.5114 1.65389
17.5733 0.818999 6.83524 1.59481
7.69971 7.88522 22.7026 1.83758
3.0423 36.1679 42.8362 1.85384
17.3753 37.9956 9.40588 1.00963
5.65801 14.9099 46.0068 1.20159
15.9041 34.9344 58.0557 1.4416
1.36331 10.4352 70.5182 1.61425
14.8142 26.0873 75.2616 1.46426
13.4632 41.0428 0.222676 1.43276
7.64559 12.6069 64.5245 1.53932
0.624519 8.13264 54.4749 1.92872
7.48367 3.84026 51.9934 1.48289
16.2053 38.7926 45.1225 1.02884
20.2481 28.837 52.9742 1.62107
20.3466 42.5391 1.21281 1.85067
10.111 3.99109 29.3962 1.99547
17.4769 44.1255 8.91783 1.1887
13.9205 33.6149 14.6027 1.09148
9.26846 19.1041 61.1106 1.69595
10.3139 5.44672 8.25657 1.25931
13.8755 6.09969 17.0773 1.08893
20.9313 27.9434 16.3279 1.00731
12.8976 30.5966 63.0194 1.61685
18.7131 28.5664 7.49375 1.5886
10.4205 27.9421 33.2438 1.95315
21.1233 10.6855 78.5744 1.30402
7.93592 28.8334 50.9158 1.57242
13.4354 15.7047 34.2158 1.00783
5.13654 13.2638 11.5405 1.75015
2.39085 38.9296 79.6016 1.52273
14.78 9.73209 44.0966 1.22915
2.01609 19.3223 60.4437 1.45891
6.81826 36.8462 62.6687 1.53065
13.2619 6.5285 55.4309 1.20537
17.9487 16.6469 79.2507 1.4537
18.9642 6.19118 49.4758 1.26403
19.4971 18.0708 9.53119 1.8644
10.4623 21.0167 69.7256 1.95612
13.3886 31.3168 66.4064 1.4503
14.3834 39.0062 43.398 1.43028
15.3867 0.46021 51.3867 1.97347
2.40179 22.771 58.1503 1.88005
17.606 38.7018 13.7168 1.12937
0.619517 29.8371 78.6077 1.5944
12.6694 0.543862 30.7514 1.3043
16.5454 11.0398 70.5688 1.3521
17.0632 14.2376 13.195 1.71856
1.95209 5.81703 33.3924 1.10935
13.2124 45.6895 15.4609 1.4883
4.97793 11.0432 12.3438 1.52459
5.65597 41.4854 0.921998 1.56618
3.72439 11.5134 46.3679 1.47694
13.6831 14.6237 41.695 1.82324
7.16987 25.1887 34.9751 1.53218
7.42507 33.1789 65.4457 1.23767
13.679 39.8343 27.5678 1.64665
18.2868 42.1671 66.9121 1.41519
8.87684 35.5221 5.92866 1.90697
13.9681 12.6872 39.3582 1.05777
0.294643 10.4775 64.4748 1.63255
7.80831 3.60359 39.6091 1.17921
9.83921 10.0738 62.7279 1.54637
13.2652 32.0143 13.1696 1.73891
2.24454 20.9087 13.4271 1.10454
19.2349 45.2052 33.3546 1.52111
9.81657 43.251 35.8052 1.88799
9.64442 25.8926 66.1224 1.25743
1.44301 5.38202 61.5213 1.27068
12.9734 29.6916 44.9843 1.60525
11.4645 8.5787 56.3918 1.73081
10.7672 39.9149 40.5532 1.55291
9.41115 21.5845 26.4556 1.60338
12.7802 4.21794 36.2149 1.5475
11.9671 40.9531 36.943 1.22381
12.026 32.8405 41.4319 1.17787
0.118517 12.6313 41.3649 1.4336
4.89775 34.3805 15.5595 1.61472
14.0052 28.954 10.1918 1.81303
19.4673 37.2459 43.0177 1.89951
6.8582 25.9081 38.8645 1.60168
14.6315 33.6496 3.95099 1.59019
5.61994 36.1794 48.1684 1.128
7.93363 39.2857 36.482 1.0893
1.4881 41.4595 4.84442 1.69325
13.4544 31.6646 26.9425 1.43078
5.93341 40.0792 79.0673 1.85044
18.1755 39.6002 3.44194 1.87102
20.3249 35.3176 23.6116 1.38925
17.0371 32.3382 21.0786 1.42712
7.70422 4.49596 17.2949 1.501
20.7777 24.5933 33.3174 1.69646
11.3029 35.8112 51.7814 1.68661
0.894061 2.36456 61.8402 1.61418
13.6308 25.1663 21.7984 1.66008
16.6749 44.9023 37.9002 1.17423
16.2094 7.61874 46.1179 1.95445
2.31531 38.2089 35.54 1.36402
3.39392 13.0967 20.8862 1.64975
8.23838 26.6385 73.7594 1.37293
4.39846 33.3241 48.4498 1.38289
1.79076 39.9778 31.5085 1.12054
13.2427 36.1948 15.7845 1.3087
6.73963 44.2174 21.1403 1.8519
7.22735 3.51103 67.094 1.7662
6.52663 18.1513 49.4462 1.27353
10.1577 36.7412 14.3177 1.38914
11.2298 7.64949 52.7359 1.1516
0.750908 38.8885 28.3254 1.16446
18.1541 37.4281 57.5616 1.72386
13.007 31.4309 26.3596 1.6775
1.19053 32.5398 17.5239 1.98722
3.61692 16.2749 8.63725 1.5317
17.8763 10.1097 74.0543 1.45327
7.36646 16.293 30.0829 1.22891
5.60142 12.1322 12.5089 1.4732
14.7374 42.8158 37.0804 1.58643
16.8697 27.6886 59.9774 1.85041
12.6265 45.0048 77.6167 1.08561
9.12255 3.95954 37.8601 1.72548
0.883361 5.60358 34.3147 1.42947
18.8124 12.0754 0.898631 1.88042
9.94912 4.5029 31.0809 1.13219
19.676 11.4455 5.62409 1.47868
1.73641 28.734 57.5735 1.13317
11.8065 44.3068 19.1735 1.38235
10.3887 2.19327 74.311 1.49505
11.9969 26.4597 16.8209 1.49515
16.1037 11.3767 77.5765 1.02397
11.5559 0.62928 15.6405 1.98425