0 0 0 0
0 1 0 0
0 2 0 0
0 3 0 0
0 4 0 0
0 5 0 0
0 6 0 0
0 7 0 0
0 8 0 0
0 9 0 0
0 10 0 0
0 11 0 0
0 12 0 0
0 13 0 0
0 14 0 0
0 15 0 0
0 16 0 0
0 17 0 0
0 18 0 0
0 19 0 0
0 20 0 0
0 21 0 0
0 22 0 0
0 23 0 0
0 24 0 0
0 25 0 0
0 26 0 0
0 27 0 0
0 28 0 0
0 29 0 0
0 30 0 0
0 31 0 0
0 32 0 0
0 33 0 0
0 34 0 0
0 35 0 0
0 36 0 0
0 37 0 0
0 38 0 0
0 39 0 0
0 40 0 0
0 41 0 0
0 42 0 0
0 43 0 0
0 44 0 0
0 45 0 0
0 46 0 0
0 47 0 0
0 48 0 0
0 49 0 0
0 50 0 0
0 51 0 0
0 52 0 0
0 53 0 0
0 54 0 0
1 0 0 0
1 1 0 1
1 2 0 2
1 3 0 3
1 4 0 4
1 5 0 5
1 6 0 6
1 7 0 7
1 8 0 8
1 9 0 9
1 10 0 10
1 11 0 11
1 12 0 12
1 13 0 13
1 14 0 14
1 15 0 15
1 16 0 16
1 17 0 17
1 18 0 18
1 19 0 19
1 20 0 20
1 21 0 21
1 22 0 22
1 23 0 23
1 24 0 24
1 25 0 25
1 26 0 26
1 27 0 27
1 28 0 28
1 29 0 29
1 30 0 30
1 31 0 31
1 32 0 32
1 33 0 33
1 34 0 34
1 35 0 35
1 36 0 36
1 37 0 37
1 38 0 38
1 39 0 39
1 40 0 40
1 41 0 41
1 42 0 42
1 43 0 43
1 44 0 44
1 45 0 45
1 46 0 46
1 47 0 47
1 48 0 48
1 49 0 49
1 50 0 50
1 51 0 51
1 52 0 52
1 53 0 53
1 54 0 54
2 0 0 0
2 1 0 2
2 2 0 4
2 3 0 6
2 4 0 8
2 5 0 10
2 6 0 12
2 7 0 14
2 8 0 16
2 9 0 18
2 10 0 20
2 11 0 22
2 12 0 24
2 13 0 26
2 14 0 28
2 15 0 30
2 16 0 32
2 17 0 34
2 18 0 36
2 19 0 38
2 20 0 40
2 21 0 42
2 22 0 44
2 23 0 46
2 24 0 48
2 25 0 50
2 26 0 52
2 27 0 54
2 28 0 56
2 29 0 58
2 30 0 60
2 31 0 62
2 32 0 64
2 33 0 66
2 34 0 68
2 35 0 70
2 36 0 72
2 37 0 74
2 38 0 76
2 39 0 78
2 40 0 80
2 41 0 82
2 42 0 84
2 43 0 86
2 44 0 88
2 45 0 90
2 46 0 92
2 47 0 94
2 48 0 96
2 49 0 98
2 50 0 100
2 51 0 102
2 52 0 104
2 53 0 106
2 54 0 108
3 0 0 0
3 1 0 3
3 2 0 6
3 3 0 9
3 4 0 12
3 5 0 15
3 6 0 18
3 7 0 21
3 8 0 24
3 9 0 27
3 10 0 30
3 11 0 33
3 12 0 36
3 13 0 39
3 14 0 42
3 15 0 45
3 16 0 48
3 17 0 51
3 18 0 54
3 19 0 57
3 20 0 60
3 21 0 63
3 22 0 66
3 23 0 69
3 24 0 72
3 25 0 75
3 26 0 78
3 27 0 81
3 28 0 84
3 29 0 87
3 30 0 90
3 31 0 93
3 32 0 96
3 33 0 99
3 34 0 102
3 35 0 105
3 36 0 108
3 37 0 111
3 38 0 114
3 39 0 117
3 40 0 120
3 41 0 123
3 42 0 126
3 43 0 129
3 44 0 132
3 45 0 135
3 46 0 138
3 47 0 141
3 48 0 144
3 49 0 147
3 50 0 150
3 51 0 153
3 52 0 156
3 53 0 159
3 54 0 162
4 0 0 0
4 1 0 4
4 2 0 8
4 3 0 12
4 4 0 16
4 5 0 20
4 6 0 24
4 7 0 28
4 8 0 32
4 9 0 36
4 10 0 40
4 11 0 44
4 12 0 48
4 13 0 52
4 14 0 56
4 15 0 60
4 16 0 64
4 17 0 68
4 18 0 72
4 19 0 76
4 20 0 80
4 21 0 84
4 22 0 88
4 23 0 92
4 24 0 96
4 25 0 100
4 26 0 104
4 27 0 108
4 28 0 112
4 29 0 116
4 30 0 120
4 31 0 124
4 32 0 128
4 33 0 132
4 34 0 136
4 35 0 140
4 36 0 144
4 37 0 148
4 38 0 152
4 39 0 156
4 40 0 160
4 41 0 164
4 42 0 168
4 43 0 172
4 44 0 176
4 45 0 180
4 46 0 184
4 47 0 188
4 48 0 192
4 49 0 196
4 50 0 200
4 51 0 204
4 52 0 208
4 53 0 212
4 54 0 216
5 0 0 0
5 1 0 5
5 2 0 10
5 3 0 15
5 4 0 20
5 5 0 25
5 6 0 30
5 7 0 35
5 8 0 40
5 9 0 45
5 10 0 50
5 11 0 55
5 12 0 60
5 13 0 65
5 14 0 70
5 15 0 75
5 16 0 80
5 17 0 85
5 18 0 90
5 19 0 95
5 20 0 100
5 21 0 105
5 22 0 110
5 23 0 115
5 24 0 120
5 25 0 125
5 26 0 130
5 27 0 135
5 28 0 140
5 29 0 145
5 30 0 150
5 31 0 155
5 32 0 160
5 33 0 165
5 34 0 170
5 35 0 175
5 36 0 180
5 37 0 185
5 38 0 190
5 39 0 195
5 40 0 200
5 41 0 205
5 42 0 210
5 43 0 215
5 44 0 220
5 45 0 225
5 46 0 230
5 47 0 235
5 48 0 240
5 49 0 245
5 50 0 250
5 51 0 255
5 52 0 260
5 53 0 265
5 54 0 270
6 0 0 0
6 1 0 6
6 2 0 12
6 3 0 18
6 4 0 24
6 5 0 30
6 6 0 36
6 7 0 42
6 8 0 48
6 9 0 54
6 10 0 60
6 11 0 66
6 12 0 72
6 13 0 78
6 14 0 84
6 15 0 90
6 16 0 96
6 17 0 102
6 18 0 108
6 19 0 114
6 20 0 120
6 21 0 126
6 22 0 132
6 23 0 138
6 24 0 144
6 25 0 150
6 26 0 156
6 27 0 162
6 28 0 168
6 29 0 174
6 30 0 180
6 31 0 186
6 32 0 192
6 33 0 198
6 34 0 204
6 35 0 210
6 36 0 216
6 37 0 222
6 38 0 228
6 39 0 234
6 40 0 240
6 41 0 246
6 42 0 252
6 43 0 258
6 44 0 264
6 45 0 270
6 46 0 276
6 47 0 282
6 48 0 288
6 49 0 294
6 50 0 300
6 51 0 306
6 52 0 312
6 53 0 318
6 54 0 324
7 0 0 0
7 1 0 7
7 2 0 14
7 3 0 21
7 4 0 28
7 5 0 35
7 6 0 42
7 7 0 49
7 8 0 56
7 9 0 63
7 10 0 70
7 11 0 77
7 12 0 84
7 13 0 91
7 14 0 98
7 15 0 105
7 16 0 112
7 17 0 119
7 18 0 126
7 19 0 133
7 20 0 140
7 21 0 147
7 22 0 154
7 23 0 161
7 24 0 168
7 25 0 175
7 26 0 182
7 27 0 189
7 28 0 196
7 29 0 203
7 30 0 210
7 31 0 217
7 32 0 224
7 33 0 231
7 34 0 238
7 35 0 245
7 36 0 252
7 37 0 259
7 38 0 266
7 39 0 273
7 40 0 280
7 41 0 287
7 42 0 294
7 43 0 301
7 44 0 308
7 45 0 315
7 46 0 322
7 47 0 329
7 48 0 336
7 49 0 343
7 50 0 350
7 51 0 357
7 52 0 364
7 53 0 371
7 54 0 378
8 0 0 0
8 1 0 8
8 2 0 16
8 3 0 24
8 4 0 32
8 5 0 40
8 6 0 48
8 7 0 56
8 8 0 64
8 9 0 72
8 10 0 80
8 11 0 88
8 12 0 96
8 13 0 104
8 14 0 112
8 15 0 120
8 16 0 128
8 17 0 136
8 18 0 144
8 19 0 152
8 20 0 160
8 21 0 168
8 22 0 176
8 23 0 184
8 24 0 192
8 25 0 200
8 26 0 208
8 27 0 216
8 28 0 224
8 29 0 232
8 30 0 240
8 31 0 248
8 32 0 256
8 33 0 264
8 34 0 272
8 35 0 280
8 36 0 288
8 37 0 296
8 38 0 304
8 39 0 312
8 40 0 320
8 41 0 328
8 42 0 336
8 43 0 344
8 44 0 352
8 45 0 360
8 46 0 368
8 47 0 376
8 48 0 384
8 49 0 392
8 50 0 400
8 51 0 408
8 52 0 416
8 53 0 424
8 54 0 432
9 0 0 0
9 1 0 9
9 2 0 18
9 3 0 27
9 4 0 36
9 5 0 45
9 6 0 54
9 7 0 63
9 8 0 72
9 9 0 81
9 10 0 90
9 11 0 99
9 12 0 108
9 13 0 117
9 14 0 126
9 15 0 135
9 16 0 144
9 17 0 153
9 18 0 162
9 19 0 171
9 20 0 180
9 21 0 189
9 22 0 198
9 23 0 207
9 24 0 216
9 25 0 225
9 26 0 234
9 27 0 243
9 28 0 252
9 29 0 261
9 30 0 270
9 31 0 279
9 32 0 288
9 33 0 297
9 34 0 306
9 35 0 315
9 36 0 324
9 37 0 333
9 38 0 342
9 39 0 351
9 40 0 360
9 41 0 369
9 42 0 378
9 43 0 387
9 44 0 396
9 45 0 405
9 46 0 414
9 47 0 423
9 48 0 432
9 49 0 441
9 50 0 450
9 51 0 459
9 52 0 468
9 53 0 477
9 54 0 486
10 0 0 0
10 1 0 10
10 2 0 20
10 3 0 30
10 4 0 40
10 5 0 50
10 6 0 60
10 7 0 70
10 8 0 80
10 9 0 90
10 10 0 100
10 11 0 110
10 12 0 120
10 13 0 130
10 14 0 140
10 15 0 150
10 16 0 160
10 17 0 170
10 18 0 180
10 19 0 190
10 20 0 200
10 21 0 210
10 22 0 220
10 23 0 230
10 24 0 240
10 25 0 250
10 26 0 260
10 27 0 270
10 28 0 280
10 29 0 290
10 30 0 300
10 31 0 310
10 32 0 320
10 33 0 330
10 34 0 340
10 35 0 350
10 36 0 360
10 37 0 370
10 38 0 380
10 39 0 390
10 40 0 400
10 41 0 410
10 42 0 420
10 43 0 430
10 44 0 440
10 45 0 450
10 46 0 460
10 47 0 470
10 48 0 480
10 49 0 490
10 50 0 500
10 51 0 510
10 52 0 520
10 53 0 530
10 54 0 540
11 0 0 0
11 1 0 11
11 2 0 22
11 3 0 33
11 4 0 44
11 5 0 55
11 6 0 66
11 7 0 77
11 8 0 88
11 9 0 99
11 10 0 110
11 11 0 121
11 12 0 132
11 13 0 143
11 14 0 154
11 15 0 165
11 16 0 176
11 17 0 187
11 18 0 198
11 19 0 209
11 20 0 220
11 21 0 231
11 22 0 242
11 23 0 253
11 24 0 264
11 25 0 275
11 26 0 286
11 27 0 297
11 28 0 308
11 29 0 319
11 30 0 330
11 31 0 341
11 32 0 352
11 33 0 363
11 34 0 374
11 35 0 385
11 36 0 396
11 37 0 407
11 38 0 418
11 39 0 429
11 40 0 440
11 41 0 451
11 42 0 462
11 43 0 473
11 44 0 484
11 45 0 495
11 46 0 506
11 47 0 517
11 48 0 528
11 49 0 539
11 50 0 550
11 51 0 561
11 52 0 572
11 53 0 583
11 54 0 594
12 0 0 0
12 1 0 12
12 2 0 24
12 3 0 36
12 4 0 48
12 5 0 60
12 6 0 72
12 7 0 84
12 8 0 96
12 9 0 108
12 10 0 120
12 11 0 132
12 12 0 144
12 13 0 156
12 14 0 168
12 15 0 180
12 16 0 192
12 17 0 204
12 18 0 216
12 19 0 228
12 20 0 240
12 21 0 252
12 22 0 264
12 23 0 276
12 24 0 288
12 25 0 300
12 26 0 312
12 27 0 324
12 28 0 336
12 29 0 348
12 30 0 360
12 31 0 372
12 32 0 384
12 33 0 396
12 34 0 408
12 35 0 420
12 36 0 432
12 37 0 444
12 38 0 456
12 39 0 468
12 40 0 480
12 41 0 492
12 42 0 504
12 43 0 516
12 44 0 528
12 45 0 540
12 46 0 552
12 47 0 564
12 48 0 576
12 49 0 588
12 50 0 600
12 51 0 612
12 52 0 624
12 53 0 636
12 54 0 648
13 0 0 0
13 1 0 13
13 2 0 26
13 3 0 39
13 4 0 52
13 5 0 65
13 6 0 78
13 7 0 91
13 8 0 104
13 9 0 117
13 10 0 130
13 11 0 143
13 12 0 156
13 13 0 169
13 14 0 182
13 15 0 195
13 16 0 208
13 17 0 221
13 18 0 234
13 19 0 247
13 20 0 260
13 21 0 273
13 22 0 286
13 23 0 299
13 24 0 312
13 25 0 325
13 26 0 338
13 27 0 351
13 28 0 364
13 29 0 377
13 30 0 390
13 31 0 403
13 32 0 416
13 33 0 429
13 34 0 442
13 35 0 455
13 36 0 468
13 37 0 481
13 38 0 494
13 39 0 507
13 40 0 520
13 41 0 533
13 42 0 546
13 43 0 559
13 44 0 572
13 45 0 585
13 46 0 598
13 47 0 611
13 48 0 624
13 49 0 637
13 50 0 650
13 51 0 663
13 52 0 676
13 53 0 689
13 54 0 702
14 0 0 0
14 1 0 14
14 2 0 28
14 3 0 42
14 4 0 56
14 5 0 70
14 6 0 84
14 7 0 98
14 8 0 112
14 9 0 126
14 10 0 140
14 11 0 154
14 12 0 168
14 13 0 182
14 14 0 196
14 15 0 210
14 16 0 224
14 17 0 238
14 18 0 252
14 19 0 266
14 20 0 280
14 21 0 294
14 22 0 308
14 23 0 322
14 24 0 336
14 25 0 350
14 26 0 364
14 27 0 378
14 28 0 392
14 29 0 406
14 30 0 420
14 31 0 434
14 32 0 448
14 33 0 462
14 34 0 476
14 35 0 490
14 36 0 504
14 37 0 518
14 38 0 532
14 39 0 546
14 40 0 560
14 41 0 574
14 42 0 588
14 43 0 602
14 44 0 616
14 45 0 630
14 46 0 644
14 47 0 658
14 48 0 672
14 49 0 686
14 50 0 700
14 51 0 714
14 52 0 728
14 53 0 742
14 54 0 756
15 0 0 0
15 1 0 15
15 2 0 30
15 3 0 45
15 4 0 60
15 5 0 75
15 6 0 90
15 7 0 105
15 8 0 120
15 9 0 135
15 10 0 150
15 11 0 165
15 12 0 180
15 13 0 195
15 14 0 210
15 15 0 225
15 16 0 240
15 17 0 255
15 18 0 270
15 19 0 285
15 20 0 300
15 21 0 315
15 22 0 330
15 23 0 345
15 24 0 360
15 25 0 375
15 26 0 390
15 27 0 405
15 28 0 420
15 29 0 435
15 30 0 450
15 31 0 465
15 32 0 480
15 33 0 495
15 34 0 510
15 35 0 525
15 36 0 540
15 37 0 555
15 38 0 570
15 39 0 585
15 40 0 600
15 41 0 615
15 42 0 630
15 43 0 645
15 44 0 660
15 45 0 675
15 46 0 690
15 47 0 705
15 48 0 720
15 49 0 735
15 50 0 750
15 51 0 765
15 52 0 780
15 53 0 795
15 54 0 810
16 0 0 0
16 1 0 16
16 2 0 32
16 3 0 48
16 4 0 64
16 5 0 80
16 6 0 96
16 7 0 112
16 8 0 128
16 9 0 144
16 10 0 160
16 11 0 176
16 12 0 192
16 13 0 208
16 14 0 224
16 15 0 240
16 16 0 256
16 17 0 272
16 18 0 288
16 19 0 304
16 20 0 320
16 21 0 336
16 22 0 352
16 23 0 368
16 24 0 384
16 25 0 400
16 26 0 416
16 27 0 432
16 28 0 448
16 29 0 464
16 30 0 480
16 31 0 496
16 32 0 512
16 33 0 528
16 34 0 544
16 35 0 560
16 36 0 576
16 37 0 592
16 38 0 608
16 39 0 624
16 40 0 640
16 41 0 656
16 42 0 672
16 43 0 688
16 44 0 704
16 45 0 720
16 46 0 736
16 47 0 752
16 48 0 768
16 49 0 784
16 50 0 800
16 51 0 816
16 52 0 832
16 53 0 848
16 54 0 864
17 0 0 0
17 1 0 17
17 2 0 34
17 3 0 51
17 4 0 68
17 5 0 85
17 6 0 102
17 7 0 119
17 8 0 136
17 9 0 153
17 10 0 170
17 11 0 187
17 12 0 204
17 13 0 221
17 14 0 238
17 15 0 255
17 16 0 272
17 17 0 289
17 18 0 306
17 19 0 323
17 20 0 340
17 21 0 357
17 22 0 374
17 23 0 391
17 24 0 408
17 25 0 425
17 26 0 442
17 27 0 459
17 28 0 476
17 29 0 493
17 30 0 510
17 31 0 527
17 32 0 544
17 33 0 561
17 34 0 578
17 35 0 595
17 36 0 612
17 37 0 629
17 38 0 646
17 39 0 663
17 40 0 680
17 41 0 697
17 42 0 714
17 43 0 731
17 44 0 748
17 45 0 765
17 46 0 782
17 47 0 799
17 48 0 816
17 49 0 833
17 50 0 850
17 51 0 867
17 52 0 884
17 53 0 901
17 54 0 918
18 0 0 0
18 1 0 18
18 2 0 36
18 3 0 54
18 4 0 72
18 5 0 90
18 6 0 108
18 7 0 126
18 8 0 144
18 9 0 162
18 10 0 180
18 11 0 198
18 12 0 216
18 13 0 234
18 14 0 252
18 15 0 270
18 16 0 288
18 17 0 306
18 18 0 324
18 19 0 342
18 20 0 360
18 21 0 378
18 22 0 396
18 23 0 414
18 24 0 432
18 25 0 450
18 26 0 468
18 27 0 486
18 28 0 504
18 29 0 522
18 30 0 540
18 31 0 558
18 32 0 576
18 33 0 594
18 34 0 612
18 35 0 630
18 36 0 648
18 37 0 666
18 38 0 684
18 39 0 702
18 40 0 720
18 41 0 738
18 42 0 756
18 43 0 774
18 44 0 792
18 45 0 810
18 46 0 828
18 47 0 846
18 48 0 864
18 49 0 882
18 50 0 900
18 51 0 918
18 52 0 936
18 53 0 954
18 54 0 972
19 0 0 0
19 1 0 19
19 2 0 38
19 3 0 57
19 4 0 76
19 5 0 95
19 6 0 114
19 7 0 133
19 8 0 152
19 9 0 171
19 10 0 190
19 11 0 209
19 12 0 228
19 13 0 247
19 14 0 266
19 15 0 285
19 16 0 304
19 17 0 323
19 18 0 342
19 19 0 361
19 20 0 380
19 21 0 399
19 22 0 418
19 23 0 437
19 24 0 456
19 25 0 475
19 26 0 494
19 27 0 513
19 28 0 532
19 29 0 551
19 30 0 570
19 31 0 589
19 32 0 608
19 33 0 627
19 34 0 646
19 35 0 665
19 36 0 684
19 37 0 703
19 38 0 722
19 39 0 741
19 40 0 760
19 41 0 779
19 42 0 798
19 43 0 817
19 44 0 836
19 45 0 855
19 46 0 874
19 47 0 893
19 48 0 912
19 49 0 931
19 50 0 950
19 51 0 969
19 52 0 988
19 53 0 1007
19 54 0 1026
20 0 0 0
20 1 0 20
20 2 0 40
20 3 0 60
20 4 0 80
20 5 0 100
20 6 0 120
20 7 0 140
20 8 0 160
20 9 0 180
20 10 0 200
20 11 0 220
20 12 0 240
20 13 0 260
20 14 0 280
20 15 0 300
20 16 0 320
20 17 0 340
20 18 0 360
20 19 0 380
20 20 0 400
20 21 0 420
20 22 0 440
20 23 0 460
20 24 0 480
20 25 0 500
20 26 0 520
20 27 0 540
20 28 0 560
20 29 0 580
20 30 0 600
20 31 0 620
20 32 0 640
20 33 0 660
20 34 0 680
20 35 0 700
20 36 0 720
20 37 0 740
20 38 0 760
20 39 0 780
20 40 0 800
20 41 0 820
20 42 0 840
20 43 0 860
20 44 0 880
20 45 0 900
20 46 0 920
20 47 0 940
20 48 0 960
20 49 0 980
20 50 0 1000
20 51 0 1020
20 52 0 1040
20 53 0 1060
20 54 0 1080
21 0 0 0
21 1 0 21
21 2 0 42
21 3 0 63
21 4 0 84
21 5 0 105
21 6 0 126
21 7 0 147
21 8 0 168
21 9 0 189
21 10 0 210
21 11 0 231
21 12 0 252
21 13 0 273
21 14 0 294
21 15 0 315
21 16 0 336
21 17 0 357
21 18 0 378
21 19 0 399
21 20 0 420
21 21 0 441
21 22 0 462
21 23 0 483
21 24 0 504
21 25 0 525
21 26 0 546
21 27 0 567
21 28 0 588
21 29 0 609
21 30 0 630
21 31 0 651
21 32 0 672
21 33 0 693
21 34 0 714
21 35 0 735
21 36 0 756
21 37 0 777
21 38 0 798
21 39 0 819
21 40 0 840
21 41 0 861
21 42 0 882
21 43 0 903
21 44 0 924
21 45 0 945
21 46 0 966
21 47 0 987
21 48 0 1008
21 49 0 1029
21 50 0 1050
21 51 0 1071
21 52 0 1092
21 53 0 1113
21 54 0 1134
22 0 0 0
22 1 0 22
22 2 0 44
22 3 0 66
22 4 0 88
22 5 0 110
22 6 0 132
22 7 0 154
22 8 0 176
22 9 0 198
22 10 0 220
22 11 0 242
22 12 0 264
22 13 0 286
22 14 0 308
22 15 0 330
22 16 0 352
22 17 0 374
22 18 0 396
22 19 0 418
22 20 0 440
22 21 0 462
22 22 0 484
22 23 0 506
22 24 0 528
22 25 0 550
22 26 0 572
22 27 0 594
22 28 0 616
22 29 0 638
22 30 0 660
22 31 0 682
22 32 0 704
22 33 0 726
22 34 0 748
22 35 0 770
22 36 0 792
22 37 0 814
22 38 0 836
22 39 0 858
22 40 0 880
22 41 0 902
22 42 0 924
22 43 0 946
22 44 0 968
22 45 0 990
22 46 0 1012
22 47 0 1034
22 48 0 1056
22 49 0 1078
22 50 0 1100
22 51 0 1122
22 52 0 1144
22 53 0 1166
22 54 0 1188
23 0 0 0
23 1 0 23
23 2 0 46
23 3 0 69
23 4 0 92
23 5 0 115
23 6 0 138
23 7 0 161
23 8 0 184
23 9 0 207
23 10 0 230
23 11 0 253
23 12 0 276
23 13 0 299
23 14 0 322
23 15 0 345
23 16 0 368
23 17 0 391
23 18 0 414
23 19 0 437
23 20 0 460
23 21 0 483
23 22 0 506
23 23 0 529
23 24 0 552
23 25 0 575
23 26 0 598
23 27 0 621
23 28 0 644
23 29 0 667
23 30 0 690
23 31 0 713
23 32 0 736
23 33 0 759
23 34 0 782
23 35 0 805
23 36 0 828
23 37 0 851
23 38 0 874
23 39 0 897
23 40 0 920
23 41 0 943
23 42 0 966
23 43 0 989
23 44 0 1012
23 45 0 1035
23 46 0 1058
23 47 0 1081
23 48 0 1104
23 49 0 1127
23 50 0 1150
23 51 0 1173
23 52 0 1196
23 53 0 1219
23 54 0 1242
24 0 0 0
24 1 0 24
24 2 0 48
24 3 0 72
24 4 0 96
24 5 0 120
24 6 0 144
24 7 0 168
24 8 0 192
24 9 0 216
24 10 0 240
24 11 0 264
24 12 0 288
24 13 0 312
24 14 0 336
24 15 0 360
24 16 0 384
24 17 0 408
24 18 0 432
24 19 0 456
24 20 0 480
24 21 0 504
24 22 0 528
24 23 0 552
24 24 0 576
24 25 0 600
24 26 0 624
24 27 0 648
24 28 0 672
24 29 0 696
24 30 0 720
24 31 0 744
24 32 0 768
24 33 0 792
24 34 0 816
24 35 0 840
24 36 0 864
24 37 0 888
24 38 0 912
24 39 0 936
24 40 0 960
24 41 0 984
24 42 0 1008
24 43 0 1032
24 44 0 1056
24 45 0 1080
24 46 0 1104
24 47 0 1128
24 48 0 1152
24 49 0 1176
24 50 0 1200
24 51 0 1224
24 52 0 1248
24 53 0 1272
24 54 0 1296
25 0 0 0
25 1 0 25
25 2 0 50
25 3 0 75
25 4 0 100
25 5 0 125
25 6 0 150
25 7 0 175
25 8 0 200
25 9 0 225
25 10 0 250
25 11 0 275
25 12 0 300
25 13 0 325
25 14 0 350
25 15 0 375
25 16 0 400
25 17 0 425
25 18 0 450
25 19 0 475
25 20 0 500
25 21 0 525
25 22 0 550
25 23 0 575
25 24 0 600
25 25 0 625
25 26 0 650
25 27 0 675
25 28 0 700
25 29 0 725
25 30 0 750
25 31 0 775
25 32 0 800
25 33 0 825
25 34 0 850
25 35 0 875
25 36 0 900
25 37 0 925
25 38 0 950
25 39 0 975
25 40 0 1000
25 41 0 1025
25 42 0 1050
25 43 0 1075
25 44 0 1100
25 45 0 1125
25 46 0 1150
25 47 0 1175
25 48 0 1200
25 49 0 1225
25 50 0 1250
25 51 0 1275
25 52 0 1300
25 53 0 1325
25 54 0 1350
26 0 0 0
26 1 0 26
26 2 0 52
26 3 0 78
26 4 0 104
26 5 0 130
26 6 0 156
26 7 0 182
26 8 0 208
26 9 0 234
26 10 0 260
26 11 0 286
26 12 0 312
26 13 0 338
26 14 0 364
26 15 0 390
26 16 0 416
26 17 0 442
26 18 0 468
26 19 0 494
26 20 0 520
26 21 0 546
26 22 0 572
26 23 0 598
26 24 0 624
26 25 0 650
26 26 0 676
26 27 0 702
26 28 0 728
26 29 0 754
26 30 0 780
26 31 0 806
26 32 0 832
26 33 0 858
26 34 0 884
26 35 0 910
26 36 0 936
26 37 0 962
26 38 0 988
26 39 0 1014
26 40 0 1040
26 41 0 1066
26 42 0 1092
26 43 0 1118
26 44 0 1144
26 45 0 1170
26 46 0 1196
26 47 0 1222
26 48 0 1248
26 49 0 1274
26 50 0 1300
26 51 0 1326
26 52 0 1352
26 53 0 1378
26 54 0 1404
27 0 0 0
27 1 0 27
27 2 0 54
27 3 0 81
27 4 0 108
27 5 0 135
27 6 0 162
27 7 0 189
27 8 0 216
27 9 0 243
27 10 0 270
27 11 0 297
27 12 0 324
27 13 0 351
27 14 0 378
27 15 0 405
27 16 0 432
27 17 0 459
27 18 0 486
27 19 0 513
27 20 0 540
27 21 0 567
27 22 0 594
27 23 0 621
27 24 0 648
27 25 0 675
27 26 0 702
27 27 0 729
27 28 0 756
27 29 0 783
27 30 0 810
27 31 0 837
27 32 0 864
27 33 0 891
27 34 0 918
27 35 0 945
27 36 0 972
27 37 0 999
27 38 0 1026
27 39 0 1053
27 40 0 1080
27 41 0 1107
27 42 0 1134
27 43 0 1161
27 44 0 1188
27 45 0 1215
27 46 0 1242
27 47 0 1269
27 48 0 1296
27 49 0 1323
27 50 0 1350
27 51 0 1377
27 52 0 1404
27 53 0 1431
27 54 0 1458
28 0 0 0
28 1 0 28
28 2 0 56
28 3 0 84
28 4 0 112
28 5 0 140
28 6 0 168
28 7 0 196
28 8 0 224
28 9 0 252
28 10 0 280
28 11 0 308
28 12 0 336
28 13 0 364
28 14 0 392
28 15 0 420
28 16 0 448
28 17 0 476
28 18 0 504
28 19 0 532
28 20 0 560
28 21 0 588
28 22 0 616
28 23 0 644
28 24 0 672
28 25 0 700
28 26 0 728
28 27 0 756
28 28 0 784
28 29 0 812
28 30 0 840
28 31 0 868
28 32 0 896
28 33 0 924
28 34 0 952
28 35 0 980
28 36 0 1008
28 37 0 1036
28 38 0 1064
28 39 0 1092
28 40 0 1120
28 41 0 1148
28 42 0 1176
28 43 0 1204
28 44 0 1232
28 45 0 1260
28 46 0 1288
28 47 0 1316
28 48 0 1344
28 49 0 1372
28 50 0 1400
28 51 0 1428
28 52 0 1456
28 53 0 1484
28 54 0 1512
29 0 0 0
29 1 0 29
29 2 0 58
29 3 0 87
29 4 0 116
29 5 0 145
29 6 0 174
29 7 0 203
29 8 0 232
29 9 0 261
29 10 0 290
29 11 0 319
29 12 0 348
29 13 0 377
29 14 0 406
29 15 0 435
29 16 0 464
29 17 0 493
29 18 0 522
29 19 0 551
29 20 0 580
29 21 0 609
29 22 0 638
29 23 0 667
29 24 0 696
29 25 0 725
29 26 0 754
29 27 0 783
29 28 0 812
29 29 0 841
29 30 0 870
29 31 0 899
29 32 0 928
29 33 0 957
29 34 0 986
29 35 0 1015
29 36 0 1044
29 37 0 1073
29 38 0 1102
29 39 0 1131
29 40 0 1160
29 41 0 1189
29 42 0 1218
29 43 0 1247
29 44 0 1276
29 45 0 1305
29 46 0 1334
29 47 0 1363
29 48 0 1392
29 49 0 1421
29 50 0 1450
29 51 0 1479
29 52 0 1508
29 53 0 1537
29 54 0 1566
30 0 0 0
30 1 0 30
30 2 0 60
30 3 0 90
30 4 0 120
30 5 0 150
30 6 0 180
30 7 0 210
30 8 0 240
30 9 0 270
30 10 0 300
30 11 0 330
30 12 0 360
30 13 0 390
30 14 0 420
30 15 0 450
30 16 0 480
30 17 0 510
30 18 0 540
30 19 0 570
30 20 0 600
30 21 0 630
30 22 0 660
30 23 0 690
30 24 0 720
30 25 0 750
30 26 0 780
30 27 0 810
30 28 0 840
30 29 0 870
30 30 0 900
30 31 0 930
30 32 0 960
30 33 0 990
30 34 0 1020
30 35 0 1050
30 36 0 1080
30 37 0 1110
30 38 0 1140
30 39 0 1170
30 40 0 1200
30 41 0 1230
30 42 0 1260
30 43 0 1290
30 44 0 1320
30 45 0 1350
30 46 0 1380
30 47 0 1410
30 48 0 1440
30 49 0 1470
30 50 0 1500
30 51 0 1530
30 52 0 1560
30 53 0 1590
30 54 0 1620
31 0 0 0
31 1 0 31
31 2 0 62
31 3 0 93
31 4 0 124
31 5 0 155
31 6 0 186
31 7 0 217
31 8 0 248
31 9 0 279
31 10 0 310
31 11 0 341
31 12 0 372
31 13 0 403
31 14 0 434
31 15 0 465
31 16 0 496
31 17 0 527
31 18 0 558
31 19 0 589
31 20 0 620
31 21 0 651
31 22 0 682
31 23 0 713
31 24 0 744
31 25 0 775
31 26 0 806
31 27 0 837
31 28 0 868
31 29 0 899
31 30 0 930
31 31 0 961
31 32 0 992
31 33 0 1023
31 34 0 1054
31 35 0 1085
31 36 0 1116
31 37 0 1147
31 38 0 1178
31 39 0 1209
31 40 0 1240
31 41 0 1271
31 42 0 1302
31 43 0 1333
31 44 0 1364
31 45 0 1395
31 46 0 1426
31 47 0 1457
31 48 0 1488
31 49 0 1519
31 50 0 1550
31 51 0 1581
31 52 0 1612
31 53 0 1643
31 54 0 1674
32 0 0 0
32 1 0 32
32 2 0 64
32 3 0 96
32 4 0 128
32 5 0 160
32 6 0 192
32 7 0 224
32 8 0 256
32 9 0 288
32 10 0 320
32 11 0 352
32 12 0 384
32 13 0 416
32 14 0 448
32 15 0 480
32 16 0 512
32 17 0 544
32 18 0 576
32 19 0 608
32 20 0 640
32 21 0 672
32 22 0 704
32 23 0 736
32 24 0 768
32 25 0 800
32 26 0 832
32 27 0 864
32 28 0 896
32 29 0 928
32 30 0 960
32 31 0 992
32 32 0 1024
32 33 0 1056
32 34 0 1088
32 35 0 1120
32 36 0 1152
32 37 0 1184
32 38 0 1216
32 39 0 1248
32 40 0 1280
32 41 0 1312
32 42 0 1344
32 43 0 1376
32 44 0 1408
32 45 0 1440
32 46 0 1472
32 47 0 1504
32 48 0 1536
32 49 0 1568
32 50 0 1600
32 51 0 1632
32 52 0 1664
32 53 0 1696
32 54 0 1728
33 0 0 0
33 1 0 33
33 2 0 66
33 3 0 99
33 4 0 132
33 5 0 165
33 6 0 198
33 7 0 231
33 8 0 264
33 9 0 297
33 10 0 330
33 11 0 363
33 12 0 396
33 13 0 429
33 14 0 462
33 15 0 495
33 16 0 528
33 17 0 561
33 18 0 594
33 19 0 627
33 20 0 660
33 21 0 693
33 22 0 726
33 23 0 759
33 24 0 792
33 25 0 825
33 26 0 858
33 27 0 891
33 28 0 924
33 29 0 957
33 30 0 990
33 31 0 1023
33 32 0 1056
33 33 0 1089
33 34 0 1122
33 35 0 1155
33 36 0 1188
33 37 0 1221
33 38 0 1254
33 39 0 1287
33 40 0 1320
33 41 0 1353
33 42 0 1386
33 43 0 1419
33 44 0 1452
33 45 0 1485
33 46 0 1518
33 47 0 1551
33 48 0 1584
33 49 0 1617
33 50 0 1650
33 51 0 1683
33 52 0 1716
33 53 0 1749
33 54 0 1782
34 0 0 0
34 1 0 34
34 2 0 68
34 3 0 102
34 4 0 136
34 5 0 170
34 6 0 204
34 7 0 238
34 8 0 272
34 9 0 306
34 10 0 340
34 11 0 374
34 12 0 408
34 13 0 442
34 14 0 476
34 15 0 510
34 16 0 544
34 17 0 578
34 18 0 612
34 19 0 646
34 20 0 680
34 21 0 714
34 22 0 748
34 23 0 782
34 24 0 816
34 25 0 850
34 26 0 884
34 27 0 918
34 28 0 952
34 29 0 986
34 30 0 1020
34 31 0 1054
34 32 0 1088
34 33 0 1122
34 34 0 1156
34 35 0 1190
34 36 0 1224
34 37 0 1258
34 38 0 1292
34 39 0 1326
34 40 0 1360
34 41 0 1394
34 42 0 1428
34 43 0 1462
34 44 0 1496
34 45 0 1530
34 46 0 1564
34 47 0 1598
34 48 0 1632
34 49 0 1666
34 50 0 1700
34 51 0 1734
34 52 0 1768
34 53 0 1802
34 54 0 1836
35 0 0 0
35 1 0 35
35 2 0 70
35 3 0 105
35 4 0 140
35 5 0 175
35 6 0 210
35 7 0 245
35 8 0 280
35 9 0 315
35 10 0 350
35 11 0 385
35 12 0 420
35 13 0 455
35 14 0 490
35 15 0 525
35 16 0 560
35 17 0 595
35 18 0 630
35 19 0 665
35 20 0 700
35 21 0 735
35 22 0 770
35 23 0 805
35 24 0 840
35 25 0 875
35 26 0 910
35 27 0 945
35 28 0 980
35 29 0 1015
35 30 0 1050
35 31 0 1085
35 32 0 1120
35 33 0 1155
35 34 0 1190
35 35 0 1225
35 36 0 1260
35 37 0 1295
35 38 0 1330
35 39 0 1365
35 40 0 1400
35 41 0 1435
35 42 0 1470
35 43 0 1505
35 44 0 1540
35 45 0 1575
35 46 0 1610
35 47 0 1645
35 48 0 1680
35 49 0 1715
35 50 0 1750
35 51 0 1785
35 52 0 1820
35 53 0 1855
35 54 0 1890
36 0 0 0
36 1 0 36
36 2 0 72
36 3 0 108
36 4 0 144
36 5 0 180
36 6 0 216
36 7 0 252
36 8 0 288
36 9 0 324
36 10 0 360
36 11 0 396
36 12 0 432
36 13 0 468
36 14 0 504
36 15 0 540
36 16 0 576
36 17 0 612
36 18 0 648
36 19 0 684
36 20 0 720
36 21 0 756
36 22 0 792
36 23 0 828
36 24 0 864
36 25 0 900
36 26 0 936
36 27 0 972
36 28 0 1008
36 29 0 1044
36 30 0 1080
36 31 0 1116
36 32 0 1152
36 33 0 1188
36 34 0 1224
36 35 0 1260
36 36 0 1296
36 37 0 1332
36 38 0 1368
36 39 0 1404
36 40 0 1440
36 41 0 1476
36 42 0 1512
36 43 0 1548
36 44 0 1584
36 45 0 1620
36 46 0 1656
36 47 0 1692
36 48 0 1728
36 49 0 1764
36 50 0 1800
36 51 0 1836
36 52 0 1872
36 53 0 1908
36 54 0 1944
37 0 0 0
37 1 0 37
37 2 0 74
37 3 0 111
37 4 0 148
37 5 0 185
37 6 0 222
37 7 0 259
37 8 0 296
37 9 0 333
37 10 0 370
37 11 0 407
37 12 0 444
37 13 0 481
37 14 0 518
37 15 0 555
37 16 0 592
37 17 0 629
37 18 0 666
37 19 0 703
37 20 0 740
37 21 0 777
37 22 0 814
37 23 0 851
37 24 0 888
37 25 0 925
37 26 0 962
37 27 0 999
37 28 0 1036
37 29 0 1073
37 30 0 1110
37 31 0 1147
37 32 0 1184
37 33 0 1221
37 34 0 1258
37 35 0 1295
37 36 0 1332
37 37 0 1369
37 38 0 1406
37 39 0 1443
37 40 0 1480
37 41 0 1517
37 42 0 1554
37 43 0 1591
37 44 0 1628
37 45 0 1665
37 46 0 1702
37 47 0 1739
37 48 0 1776
37 49 0 1813
37 50 0 1850
37 51 0 1887
37 52 0 1924
37 53 0 1961
37 54 0 1998
38 0 0 0
38 1 0 38
38 2 0 76
38 3 0 114
38 4 0 152
38 5 0 190
38 6 0 228
38 7 0 266
38 8 0 304
38 9 0 342
38 10 0 380
38 11 0 418
38 12 0 456
38 13 0 494
38 14 0 532
38 15 0 570
38 16 0 608
38 17 0 646
38 18 0 684
38 19 0 722
38 20 0 760
38 21 0 798
38 22 0 836
38 23 0 874
38 24 0 912
38 25 0 950
38 26 0 988
38 27 0 1026
38 28 0 1064
38 29 0 1102
38 30 0 1140
38 31 0 1178
38 32 0 1216
38 33 0 1254
38 34 0 1292
38 35 0 1330
38 36 0 1368
38 37 0 1406
38 38 0 1444
38 39 0 1482
38 40 0 1520
38 41 0 1558
38 42 0 1596
38 43 0 1634
38 44 0 1672
38 45 0 1710
38 46 0 1748
38 47 0 1786
38 48 0 1824
38 49 0 1862
38 50 0 1900
38 51 0 1938
38 52 0 1976
38 53 0 2014
38 54 0 2052
39 0 0 0
39 1 0 39
39 2 0 78
39 3 0 117
39 4 0 156
39 5 0 195
39 6 0 234
39 7 0 273
39 8 0 312
39 9 0 351
39 10 0 390
39 11 0 429
39 12 0 468
39 13 0 507
39 14 0 546
39 15 0 585
39 16 0 624
39 17 0 663
39 18 0 702
39 19 0 741
39 20 0 780
39 21 0 819
39 22 0 858
39 23 0 897
39 24 0 936
39 25 0 975
39 26 0 1014
39 27 0 1053
39 28 0 1092
39 29 0 1131
39 30 0 1170
39 31 0 1209
39 32 0 1248
39 33 0 1287
39 34 0 1326
39 35 0 1365
39 36 0 1404
39 37 0 1443
39 38 0 1482
39 39 0 1521
39 40 0 1560
39 41 0 1599
39 42 0 1638
39 43 0 1677
39 44 0 1716
39 45 0 1755
39 46 0 1794
39 47 0 1833
39 48 0 1872
39 49 0 1911
39 50 0 1950
39 51 0 1989
39 52 0 2028
39 53 0 2067
39 54 0 2106
40 0 0 0
40 1 0 40
40 2 0 80
40 3 0 120
40 4 0 160
40 5 0 200
40 6 0 240
40 7 0 280
40 8 0 320
40 9 0 360
40 10 0 400
40 11 0 440
40 12 0 480
40 13 0 520
40 14 0 560
40 15 0 600
40 16 0 640
40 17 0 680
40 18 0 720
40 19 0 760
40 20 0 800
40 21 0 840
40 22 0 880
40 23 0 920
40 24 0 960
40 25 0 1000
40 26 0 1040
40 27 0 1080
40 28 0 1120
40 29 0 1160
40 30 0 1200
40 31 0 1240
40 32 0 1280
40 33 0 1320
40 34 0 1360
40 35 0 1400
40 36 0 1440
40 37 0 1480
40 38 0 1520
40 39 0 1560
40 40 0 1600
40 41 0 1640
40 42 0 1680
40 43 0 1720
40 44 0 1760
40 45 0 1800
40 46 0 1840
40 47 0 1880
40 48 0 1920
40 49 0 1960
40 50 0 2000
40 51 0 2040
40 52 0 2080
40 53 0 2120
40 54 0 2160
41 0 0 0
41 1 0 41
41 2 0 82
41 3 0 123
41 4 0 164
41 5 0 205
41 6 0 246
41 7 0 287
41 8 0 328
41 9 0 369
41 10 0 410
41 11 0 451
41 12 0 492
41 13 0 533
41 14 0 574
41 15 0 615
41 16 0 656
41 17 0 697
41 18 0 738
41 19 0 779
41 20 0 820
41 21 0 861
41 22 0 902
41 23 0 943
41 24 0 984
41 25 0 1025
41 26 0 1066
41 27 0 1107
41 28 0 1148
41 29 0 1189
41 30 0 1230
41 31 0 1271
41 32 0 1312
41 33 0 1353
41 34 0 1394
41 35 0 1435
41 36 0 1476
41 37 0 1517
41 38 0 1558
41 39 0 1599
41 40 0 1640
41 41 0 1681
41 42 0 1722
41 43 0 1763
41 44 0 1804
41 45 0 1845
41 46 0 1886
41 47 0 1927
41 48 0 1968
41 49 0 2009
41 50 0 2050
41 51 0 2091
41 52 0 2132
41 53 0 2173
41 54 0 2214
42 0 0 0
42 1 0 42
42 2 0 84
42 3 0 126
42 4 0 168
42 5 0 210
42 6 0 252
42 7 0 294
42 8 0 336
42 9 0 378
42 10 0 420
42 11 0 462
42 12 0 504
42 13 0 546
42 14 0 588
42 15 0 630
42 16 0 672
42 17 0 714
42 18 0 756
42 19 0 798
42 20 0 840
42 21 0 882
42 22 0 924
42 23 0 966
42 24 0 1008
42 25 0 1050
42 26 0 1092
42 27 0 1134
42 28 0 1176
42 29 0 1218
42 30 0 1260
42 31 0 1302
42 32 0 1344
42 33 0 1386
42 34 0 1428
42 35 0 1470
42 36 0 1512
42 37 0 1554
42 38 0 1596
42 39 0 1638
42 40 0 1680
42 41 0 1722
42 42 0 1764
42 43 0 1806
42 44 0 1848
42 45 0 1890
42 46 0 1932
42 47 0 1974
42 48 0 2016
42 49 0 2058
42 50 0 2100
42 51 0 2142
42 52 0 2184
42 53 0 2226
42 54 0 2268
43 0 0 0
43 1 0 43
43 2 0 86
43 3 0 129
43 4 0 172
43 5 0 215
43 6 0 258
43 7 0 301
43 8 0 344
43 9 0 387
43 10 0 430
43 11 0 473
43 12 0 516
43 13 0 559
43 14 0 602
43 15 0 645
43 16 0 688
43 17 0 731
43 18 0 774
43 19 0 817
43 20 0 860
43 21 0 903
43 22 0 946
43 23 0 989
43 24 0 1032
43 25 0 1075
43 26 0 1118
43 27 0 1161
43 28 0 1204
43 29 0 1247
43 30 0 1290
43 31 0 1333
43 32 0 1376
43 33 0 1419
43 34 0 1462
43 35 0 1505
43 36 0 1548
43 37 0 1591
43 38 0 1634
43 39 0 1677
43 40 0 1720
43 41 0 1763
43 42 0 1806
43 43 0 1849
43 44 0 1892
43 45 0 1935
43 46 0 1978
43 47 0 2021
43 48 0 2064
43 49 0 2107
43 50 0 2150
43 51 0 2193
43 52 0 2236
43 53 0 2279
43 54 0 2322
44 0 0 0
44 1 0 44
44 2 0 88
44 3 0 132
44 4 0 176
44 5 0 220
44 6 0 264
44 7 0 308
44 8 0 352
44 9 0 396
44 10 0 440
44 11 0 484
44 12 0 528
44 13 0 572
44 14 0 616
44 15 0 660
44 16 0 704
44 17 0 748
44 18 0 792
44 19 0 836
44 20 0 880
44 21 0 924
44 22 0 968
44 23 0 1012
44 24 0 1056
44 25 0 1100
44 26 0 1144
44 27 0 1188
44 28 0 1232
44 29 0 1276
44 30 0 1320
44 31 0 1364
44 32 0 1408
44 33 0 1452
44 34 0 1496
44 35 0 1540
44 36 0 1584
44 37 0 1628
44 38 0 1672
44 39 0 1716
44 40 0 1760
44 41 0 1804
44 42 0 1848
44 43 0 1892
44 44 0 1936
44 45 0 1980
44 46 0 2024
44 47 0 2068
44 48 0 2112
44 49 0 2156
44 50 0 2200
44 51 0 2244
44 52 0 2288
44 53 0 2332
44 54 0 2376
45 0 0 0
45 1 0 45
45 2 0 90
45 3 0 135
45 4 0 180
45 5 0 225
45 6 0 270
45 7 0 315
45 8 0 360
45 9 0 405
45 10 0 450
45 11 0 495
45 12 0 540
45 13 0 585
45 14 0 630
45 15 0 675
45 16 0 720
45 17 0 765
45 18 0 810
45 19 0 855
45 20 0 900
45 21 0 945
45 22 0 990
45 23 0 1035
45 24 0 1080
45 25 0 1125
45 26 0 1170
45 27 0 1215
45 28 0 1260
45 29 0 1305
45 30 0 1350
45 31 0 1395
45 32 0 1440
45 33 0 1485
45 34 0 1530
45 35 0 1575
45 36 0 1620
45 37 0 1665
45 38 0 1710
45 39 0 1755
45 40 0 1800
45 41 0 1845
45 42 0 1890
45 43 0 1935
45 44 0 1980
45 45 0 2025
45 46 0 2070
45 47 0 2115
45 48 0 2160
45 49 0 2205
45 50 0 2250
45 51 0 2295
45 52 0 2340
45 53 0 2385
45 54 0 2430
46 0 0 0
46 1 0 46
46 2 0 92
46 3 0 138
46 4 0 184
46 5 0 230
46 6 0 276
46 7 0 322
46 8 0 368
46 9 0 414
46 10 0 460
46 11 0 506
46 12 0 552
46 13 0 598
46 14 0 644
46 15 0 690
46 16 0 736
46 17 0 782
46 18 0 828
46 19 0 874
46 20 0 920
46 21 0 966
46 22 0 1012
46 23 0 1058
46 24 0 1104
46 25 0 1150
46 26 0 1196
46 27 0 1242
46 28 0 1288
46 29 0 1334
46 30 0 1380
46 31 0 1426
46 32 0 1472
46 33 0 1518
46 34 0 1564
46 35 0 1610
46 36 0 1656
46 37 0 1702
46 38 0 1748
46 39 0 1794
46 40 0 1840
46 41 0 1886
46 42 0 1932
46 43 0 1978
46 44 0 2024
46 45 0 2070
46 46 0 2116
46 47 0 2162
46 48 0 2208
46 49 0 2254
46 50 0 2300
46 51 0 2346
46 52 0 2392
46 53 0 2438
46 54 0 2484
47 0 0 0
47 1 0 47
47 2 0 94
47 3 0 141
47 4 0 188
47 5 0 235
47 6 0 282
47 7 0 329
47 8 0 376
47 9 0 423
47 10 0 470
47 11 0 517
47 12 0 564
47 13 0 611
47 14 0 658
47 15 0 705
47 16 0 752
47 17 0 799
47 18 0 846
47 19 0 893
47 20 0 940
47 21 0 987
47 22 0 1034
47 23 0 1081
47 24 0 1128
47 25 0 1175
47 26 0 1222
47 27 0 1269
47 28 0 1316
47 29 0 1363
47 30 0 1410
47 31 0 1457
47 32 0 1504
47 33 0 1551
47 34 0 1598
47 35 0 1645
47 36 0 1692
47 37 0 1739
47 38 0 1786
47 39 0 1833
47 40 0 1880
47 41 0 1927
47 42 0 1974
47 43 0 2021
47 44 0 2068
47 45 0 2115
47 46 0 2162
47 47 0 2209
47 48 0 2256
47 49 0 2303
47 50 0 2350
47 51 0 2397
47 52 0 2444
47 53 0 2491
47 54 0 2538
48 0 0 0
48 1 0 48
48 2 0 96
48 3 0 144
48 4 0 192
48 5 0 240
48 6 0 288
48 7 0 336
48 8 0 384
48 9 0 432
48 10 0 480
48 11 0 528
48 12 0 576
48 13 0 624
48 14 0 672
48 15 0 720
48 16 0 768
48 17 0 816
48 18 0 864
48 19 0 912
48 20 0 960
48 21 0 1008
48 22 0 1056
48 23 0 1104
48 24 0 1152
48 25 0 1200
48 26 0 1248
48 27 0 1296
48 28 0 1344
48 29 0 1392
48 30 0 1440
48 31 0 1488
48 32 0 1536
48 33 0 1584
48 34 0 1632
48 35 0 1680
48 36 0 1728
48 37 0 1776
48 38 0 1824
48 39 0 1872
48 40 0 1920
48 41 0 1968
48 42 0 2016
48 43 0 2064
48 44 0 2112
48 45 0 2160
48 46 0 2208
48 47 0 2256
48 48 0 2304
48 49 0 2352
48 50 0 2400
48 51 0 2448
48 52 0 2496
48 53 0 2544
48 54 0 2592
49 0 0 0
49 1 0 49
49 2 0 98
49 3 0 147
49 4 0 196
49 5 0 245
49 6 0 294
49 7 0 343
49 8 0 392
49 9 0 441
49 10 0 490
49 11 0 539
49 12 0 588
49 13 0 637
49 14 0 686
49 15 0 735
49 16 0 784
49 17 0 833
49 18 0 882
49 19 0 931
49 20 0 980
49 21 0 1029
49 22 0 1078
49 23 0 1127
49 24 0 1176
49 25 0 1225
49 26 0 1274
49 27 0 1323
49 28 0 1372
49 29 0 1421
49 30 0 1470
49 31 0 1519
49 32 0 1568
49 33 0 1617
49 34 0 1666
49 35 0 1715
49 36 0 1764
49 37 0 1813
49 38 0 1862
49 39 0 1911
49 40 0 1960
49 41 0 2009
49 42 0 2058
49 43 0 2107
49 44 0 2156
49 45 0 2205
49 46 0 2254
49 47 0 2303
49 48 0 2352
49 49 0 2401
49 50 0 2450
49 51 0 2499
49 52 0 2548
49 53 0 2597
49 54 0 2646
50 0 0 0
50 1 0 50
50 2 0 100
50 3 0 150
50 4 0 200
50 5 0 250
50 6 0 300
50 7 0 350
50 8 0 400
50 9 0 450
50 10 0 500
50 11 0 550
50 12 0 600
50 13 0 650
50 14 0 700
50 15 0 750
50 16 0 800
50 17 0 850
50 18 0 900
50 19 0 950
50 20 0 1000
50 21 0 1050
50 22 0 1100
50 23 0 1150
50 24 0 1200
50 25 0 1250
50 26 0 1300
50 27 0 1350
50 28 0 1400
50 29 0 1450
50 30 0 1500
50 31 0 1550
50 32 0 1600
50 33 0 1650
50 34 0 1700
50 35 0 1750
50 36 0 1800
50 37 0 1850
50 38 0 1900
50 39 0 1950
50 40 0 2000
50 41 0 2050
50 42 0 2100
50 43 0 2150
50 44 0 2200
50 45 0 2250
50 46 0 2300
50 47 0 2350
50 48 0 2400
50 49 0 2450
50 50 0 2500
50 51 0 2550
50 52 0 2600
50 53 0 2650
50 54 0 2700
51 0 0 0
51 1 0 51
51 2 0 102
51 3 0 153
51 4 0 204
51 5 0 255
51 6 0 306
51 7 0 357
51 8 0 408
51 9 0 459
51 10 0 510
51 11 0 561
51 12 0 612
51 13 0 663
51 14 0 714
51 15 0 765
51 16 0 816
51 17 0 867
51 18 0 918
51 19 0 969
51 20 0 1020
51 21 0 1071
51 22 0 1122
51 23 0 1173
51 24 0 1224
51 25 0 1275
51 26 0 1326
51 27 0 1377
51 28 0 1428
51 29 0 1479
51 30 0 1530
51 31 0 1581
51 32 0 1632
51 33 0 1683
51 34 0 1734
51 35 0 1785
51 36 0 1836
51 37 0 1887
51 38 0 1938
51 39 0 1989
51 40 0 2040
51 41 0 2091
51 42 0 2142
51 43 0 2193
51 44 0 2244
51 45 0 2295
51 46 0 2346
51 47 0 2397
51 48 0 2448
51 49 0 2499
51 50 0 2550
51 51 0 2601
51 52 0 2652
51 53 0 2703
51 54 0 2754
52 0 0 0
52 1 0 52
52 2 0 104
52 3 0 156
52 4 0 208
52 5 0 260
52 6 0 312
52 7 0 364
52 8 0 416
52 9 0 468
52 10 0 520
52 11 0 572
52 12 0 624
52 13 0 676
52 14 0 728
52 15 0 780
52 16 0 832
52 17 0 884
52 18 0 936
52 19 0 988
52 20 0 1040
52 21 0 1092
52 22 0 1144
52 23 0 1196
52 24 0 1248
52 25 0 1300
52 26 0 1352
52 27 0 1404
52 28 0 1456
52 29 0 1508
52 30 0 1560
52 31 0 1612
52 32 0 1664
52 33 0 1716
52 34 0 1768
52 35 0 1820
52 36 0 1872
52 37 0 1924
52 38 0 1976
52 39 0 2028
52 40 0 2080
52 41 0 2132
52 42 0 2184
52 43 0 2236
52 44 0 2288
52 45 0 2340
52 46 0 2392
52 47 0 2444
52 48 0 2496
52 49 0 2548
52 50 0 2600
52 51 0 2652
52 52 0 2704
52 53 0 2756
52 54 0 2808
53 0 0 0
53 1 0 53
53 2 0 106
53 3 0 159
53 4 0 212
53 5 0 265
53 6 0 318
53 7 0 371
53 8 0 424
53 9 0 477
53 10 0 530
53 11 0 583
53 12 0 636
53 13 0 689
53 14 0 742
53 15 0 795
53 16 0 848
53 17 0 901
53 18 0 954
53 19 0 1007
53 20 0 1060
53 21 0 1113
53 22 0 1166
53 23 0 1219
53 24 0 1272
53 25 0 1325
53 26 0 1378
53 27 0 1431
53 28 0 1484
53 29 0 1537
53 30 0 1590
53 31 0 1643
53 32 0 1696
53 33 0 1749
53 34 0 1802
53 35 0 1855
53 36 0 1908
53 37 0 1961
53 38 0 2014
53 39 0 2067
53 40 0 2120
53 41 0 2173
53 42 0 2226
53 43 0 2279
53 44 0 2332
53 45 0 2385
53 46 0 2438
53 47 0 2491
53 48 0 2544
53 49 0 2597
53 50 0 2650
53 51 0 2703
53 52 0 2756
53 53 0 2809
53 54 0 2862
54 0 0 0
54 1 0 54
54 2 0 108
54 3 0 162
54 4 0 216
54 5 0 270
54 6 0 324
54 7 0 378
54 8 0 432
54 9 0 486
54 10 0 540
54 11 0 594
54 12 0 648
54 13 0 702
54 14 0 756
54 15 0 810
54 16 0 864
54 17 0 918
54 18 0 972
54 19 0 1026
54 20 0 1080
54 21 0 1134
54 22 0 1188
54 23 0 1242
54 24 0 1296
54 25 0 1350
54 26 0 1404
54 27 0 1458
54 28 0 1512
54 29 0 1566
54 30 0 1620
54 31 0 1674
54 32 0 1728
54 33 0 1782
54 34 0 1836
54 35 0 1890
54 36 0 1944
54 37 0 1998
54 38 0 2052
54 39 0 2106
54 40 0 2160
54 41 0 2214
54 42 0 2268
54 43 0 2322
54 44 0 2376
54 45 0 2430
54 46 0 2484
54 47 0 2538
54 48 0 2592
54 49 0 2646
54 50 0 2700
54 51 0 2754
54 52 0 2808
54 53 0 2862
54 54 0 2916
